488138
489810
489831
491724
492405
492446
492496
492656
492716
493978
494079
494410
495822
496003
496022
496092
496182
496353
496363
496444
496824
496844
496994
497245
497595
497776
497785
497896
498026
498067
498126
498227
498377
498417
498497
498607
498768
499038
499089
499138
499289
499308
499329
499359
499439
499599
499619
499669
499679
499800
499930
499940
499950
500000
500130
500150
500171
500191
500230
500300
500301
500360
500390
500451
500571
500581
500702
500722
500812
500842
500871
500981
500982
501193
501222
501242
501272
501452
501503
501523
501573
501673
501694
501733
501793
501794
501853
501873
501974
502024
502034
502064
502144
502164
502194
502325
502394
502414
502415
502475
502515
502524
502525
502565
502585
502615
502615
502655
502655
502715
502795
502825
502905
502956
502966
503006
503056
503105
503116
503116
503126
503126
503206
503226
503226
503236
503246
503246
503256
503296
503396
503426
503437
503477
503527
503577
503617
503797
503817
503827
503838
503857
503888
503928
503987
503987
504128
504147
504157
504178
504178
504218
504237
504268
504298
504298
504358
504359
504458
504468
504468
504509
504538
504569
504599
504619
504619
504649
504659
504669
504699
504809
504809
504839
504839
504849
504869
504919
504930
504959
504969
504979
505080
505109
505109
505140
505200
505209
505280
505300
505310
505310
505350
505380
505410
505431
505431
505551
505580
505591
505610
505621
505641
505680
505681
505681
505711
505731
505731
505771
505771
505801
505811
505811
505881
505881
505902
506001
506012
506092
506102
506131
506132
506152
506172
506202
506222
506262
506281
506282
506291
506292
506292
506312
506372
506382
506412
506442
506472
506492
506512
506532
506553
506573
506592
506603
506613
506623
506632
506633
506643
506682
506692
506722
506733
506752
506763
506792
506803
506803
506823
506843
506913
506913
506923
506924
506933
506953
506973
506974
507023
507054
507083
507094
507114
507133
507183
507234
507263
507313
507324
507364
507364
507373
507384
507384
507394
507414
507424
507454
507564
507604
507644
507645
507655
507674
507684
507685
507754
507795
507804
507815
507825
507845
507855
507865
507875
507925
507945
507965
507965
507975
508025
508065
508085
508086
508105
508185
508195
508195
508215
508226
508235
508256
508266
508346
508346
508365
508366
508366
508375
508386
508406
508406
508426
508456
508476
508496
508496
508506
508526
508527
508566
508576
508577
508596
508596
508596
508606
508626
508626
508636
508646
508647
508666
508686
508687
508697
508707
508737
508756
508766
508797
508827
508836
508937
508997
509007
509027
509037
509037
509047
509047
509057
509067
509087
509117
509137
509147
509147
509187
509207
509247
509257
509258
509268
509278
509287
509297
509298
509307
509308
509317
509377
509378
509408
509428
509428
509448
509448
509478
509508
509518
509527
509538
509548
509568
509568
509568
509588
509598
509598
509628
509628
509628
509648
509678
509678
509698
509698
509698
509708
509709
509729
509758
509759
509768
509798
509828
509849
509898
509919
509939
509949
509968
509969
509999
510008
510059
510089
510099
510099
510119
510149
510159
510159
510229
510340
510369
510370
510379
510380
510389
510389
510399
510430
510440
510459
510460
510460
510460
510470
510479
510510
510510
510529
510550
510560
510560
510570
510570
510580
510590
510600
510650
510660
510670
510680
510680
510690
510700
510710
510730
510851
510870
510871
510880
510911
510921
510990
511020
511021
511031
511091
511091
511171
511181
511181
511201
511202
511222
511241
511241
511251
511251
511261
511271
511291
511291
511292
511301
511302
511321
511321
511322
511331
511331
511332
511391
511411
511412
511461
511502
511502
511512
511522
511532
511562
511562
511582
511632
511641
511642
511652
511752
511763
511792
511792
511822
511842
511852
511853
511862
511863
511873
511902
511932
511933
512013
512032
512032
512042
512072
512073
512083
512123
512123
512133
512142
512153
512173
512183
512193
512223
512223
512233
512233
512243
512263
512303
512303
512313
512313
512314
512333
512334
512353
512394
512404
512433
512434
512443
512463
512473
512473
512483
512494
512554
512563
512564
512574
512574
512604
512613
512624
512624
512634
512634
512644
512654
512674
512694
512704
512734
512774
512804
512804
512824
512824
512824
512874
512874
512884
512884
512904
512914
512935
512954
512954
512955
512984
513004
513014
513015
513024
513024
513045
513055
513064
513064
513065
513065
513115
513115
513154
513155
513174
513214
513215
513225
513255
513265
513275
513315
513325
513335
513335
513345
513365
513365
513395
513405
513456
513465
513465
513465
513485
513486
513495
513505
513545
513545
513556
513576
513585
513586
513616
513626
513675
513676
513705
513706
513715
513716
513726
513745
513756
513776
513786
513786
513806
513836
513856
513856
513896
513896
513906
513916
513956
513956
513956
513966
513966
513967
513976
513976
514006
514017
514077
514106
514107
514146
514177
514186
514186
514207
514216
514227
514237
514247
514257
514257
514257
514266
514266
514277
514296
514297
514317
514317
514327
514327
514327
514347
514367
514367
514367
514387
514387
514397
514417
514447
514458
514467
514467
514477
514487
514497
514517
514527
514557
514567
514578
514587
514597
514597
514598
514677
514707
514717
514738
514747
514748
514758
514768
514778
514787
514798
514798
514808
514808
514818
514828
514838
514888
514898
514908
514908
514908
514908
514918
514918
514918
514928
514928
514958
514968
514978
514989
515019
515038
515069
515078
515079
515099
515108
515138
515148
515158
515158
515159
515169
515169
515178
515189
515229
515249
515269
515278
515279
515279
515279
515279
515298
515309
515319
515349
515349
515359
515389
515409
515429
515429
515429
515429
515449
515449
515489
515499
515499
515500
515509
515519
515539
515559
515559
515569
515569
515579
515589
515589
515599
515609
515609
515619
515619
515630
515630
515679
515709
515709
515720
515750
515759
515800
515810
515850
515870
515910
515920
515920
515930
515950
515960
515970
515970
515980
516000
516010
516020
516030
516030
516060
516100
516140
516140
516151
516190
516191
516201
516250
516251
516251
516260
516271
516290
516301
516301
516310
516331
516341
516371
516371
516381
516401
516421
516431
516431
516431
516441
516471
516501
516521
516521
516561
516571
516581
516622
516631
516631
516631
516652
516652
516661
516671
516681
516682
516701
516712
516722
516741
516772
516781
516782
516782
516812
516822
516832
516832
516842
516861
516872
516881
516882
516902
516912
516922
516922
516932
516942
516942
516942
516942
516952
516981
517002
517022
517042
517052
517052
517052
517082
517092
517112
517122
517143
517172
517182
517193
517233
517253
517283
517302
517303
517312
517312
517323
517323
517343
517363
517363
517393
517403
517403
517413
517422
517423
517432
517433
517443
517443
517463
517463
517463
517493
517513
517543
517543
517553
517563
517563
517563
517573
517593
517603
517603
517604
517633
517633
517674
517674
517693
517703
517723
517733
517734
517743
517743
517743
517764
517774
517784
517793
517814
517833
517843
517844
517844
517853
517854
517864
517864
517884
517894
517914
517914
517924
517924
517924
517943
517943
517944
517983
517994
517994
518004
518014
518014
518014
518014
518044
518064
518064
518074
518084
518104
518104
518134
518134
518134
518144
518144
518165
518184
518195
518204
518214
518215
518224
518245
518274
518284
518295
518305
518305
518305
518324
518324
518325
518334
518334
518335
518344
518364
518374
518384
518384
518394
518414
518414
518415
518415
518415
518425
518444
518475
518485
518485
518495
518525
518525
518565
518585
518585
518595
518595
518605
518615
518615
518625
518625
518645
518646
518655
518656
518675
518675
518676
518705
518725
518725
518775
518786
518795
518826
518835
518845
518855
518865
518886
518886
518906
518916
518935
518936
518936
518946
518946
518965
518986
519006
519006
519006
519035
519075
519076
519116
519126
519136
519166
519186
519236
519246
519266
519266
519276
519277
519287
519306
519326
519326
519347
519367
519376
519387
519396
519396
519397
519426
519426
519427
519446
519466
519476
519477
519496
519506
519507
519517
519537
519537
519537
519547
519557
519557
519587
519596
519607
519607
519617
519617
519647
519647
519657
519657
519677
519687
519707
519717
519737
519738
519787
519818
519827
519847
519847
519847
519858
519877
519907
519908
519927
519928
519947
519947
519948
519948
519957
519958
519968
519977
519997
519998
520007
520008
520018
520028
520028
520037
520038
520048
520048
520078
520097
520098
520118
520118
520148
520148
520198
520208
520238
520238
520258
520258
520268
520278
520288
520308
520348
520359
520369
520378
520399
520439
520458
520468
520469
520479
520479
520489
520509
520529
520539
520559
520568
520568
520569
520569
520578
520579
520598
520609
520609
520619
520659
520669
520669
520689
520689
520719
520749
520749
520750
520769
520789
520799
520800
520800
520819
520869
520919
520939
520949
520949
520950
520959
520960
520979
520979
520980
520990
521019
521019
521030
521049
521050
521069
521089
521100
521110
521110
521120
521120
521120
521130
521130
521140
521160
521170
521170
521170
521210
521210
521210
521220
521240
521240
521240
521250
521260
521260
521270
521280
521290
521300
521380
521380
521381
521390
521400
521410
521410
521410
521410
521441
521460
521470
521480
521481
521500
521501
521520
521521
521521
521540
521551
521571
521581
521591
521611
521620
521621
521651
521681
521681
521691
521700
521730
521731
521751
521761
521761
521781
521791
521791
521801
521811
521841
521861
521861
521871
521871
521911
521912
521912
521921
521931
521941
521942
521961
521962
521981
521991
522002
522032
522042
522071
522072
522101
522101
522102
522112
522122
522132
522162
522202
522212
522241
522242
522251
522272
522282
522302
522322
522322
522342
522342
522352
522352
522372
522382
522382
522402
522432
522442
522442
522453
522482
522522
522532
522533
522562
522562
522602
522602
522612
522623
522632
522653
522662
522662
522673
522673
522683
522713
522723
522733
522743
522752
522763
522783
522793
522803
522812
522813
522813
522823
522833
522833
522833
522853
522863
522893
522903
522913
522923
522933
522943
522953
522954
522974
523003
523003
523004
523004
523013
523033
523043
523063
523084
523084
523094
523103
523103
523114
523124
523133
523164
523183
523194
523213
523224
523224
523224
523224
523244
523244
523254
523254
523294
523294
523303
523303
523304
523304
523314
523314
523324
523324
523354
523374
523374
523384
523394
523404
523424
523424
523454
523454
523454
523454
523465
523484
523494
523494
523494
523495
523504
523525
523525
523534
523534
523545
523564
523564
523614
523615
523615
523625
523684
523685
523685
523695
523695
523715
523725
523725
523764
523764
523765
523775
523784
523794
523805
523815
523845
523864
523865
523875
523875
523915
523915
523925
523935
523935
523945
523945
523945
523955
523955
523995
523995
524005
524005
524015
524025
524025
524045
524045
524055
524065
524065
524075
524075
524086
524096
524105
524106
524115
524146
524146
524155
524175
524176
524186
524206
524206
524225
524226
524245
524256
524265
524266
524296
524296
524315
524326
524335
524336
524336
524346
524355
524356
524416
524426
524426
524436
524436
524456
524456
524476
524516
524536
524546
524546
524556
524566
524586
524587
524596
524606
524616
524626
524636
524637
524646
524647
524647
524657
524676
524676
524686
524687
524697
524716
524716
524716
524717
524717
524727
524756
524766
524767
524806
524806
524816
524817
524827
524836
524837
524856
524867
524877
524897
524927
524947
524967
524987
524997
525007
525027
525037
525037
525047
525067
525078
525137
525147
525167
525167
525187
525188
525198
525228
525237
525238
525247
525257
525267
525268
525277
525277
525298
525298
525298
525307
525308
525347
525348
525357
525358
525358
525378
525387
525388
525388
525398
525408
525428
525438
525458
525458
525468
525478
525498
525498
525508
525518
525528
525548
525558
525588
525598
525608
525628
525628
525638
525648
525649
525658
525668
525668
525669
525678
525688
525708
525758
525759
525778
525809
525818
525818
525829
525838
525839
525889
525899
525919
525939
525949
525959
525969
526019
526039
526069
526079
526089
526089
526109
526119
526119
526139
526139
526159
526179
526189
526189
526199
526219
526220
526229
526229
526229
526229
526280
526309
526319
526320
526329
526339
526350
526350
526360
526360
526369
526380
526380
526399
526399
526400
526410
526430
526440
526440
526450
526450
526469
526490
526490
526499
526500
526500
526500
526500
526549
526550
526559
526560
526570
526590
526620
526650
526650
526651
526660
526670
526690
526710
526711
526730
526770
526770
526771
526830
526841
526850
526851
526861
526881
526921
526921
526931
526931
526970
526971
527041
527041
527060
527071
527071
527101
527101
527111
527121
527141
527141
527151
527182
527201
527211
527211
527221
527241
527251
527251
527301
527312
527371
527371
527381
527382
527391
527412
527431
527441
527451
527452
527462
527462
527482
527482
527502
527512
527541
527552
527552
527562
527562
527572
527572
527581
527602
527602
527612
527612
527622
527632
527652
527652
527672
527672
527682
527682
527703
527703
527712
527722
527732
527732
527752
527752
527762
527762
527772
527772
527812
527822
527833
527842
527872
527872
527872
527932
527932
527943
527952
527962
527963
527963
527972
528002
528012
528013
528033
528062
528083
528102
528113
528123
528132
528153
528153
528183
528203
528213
528213
528223
528243
528253
528263
528273
528273
528303
528333
528334
528343
528373
528373
528423
528423
528424
528433
528434
528443
528454
528473
528474
528483
528533
528534
528554
528563
528564
528584
528584
528604
528643
528644
528654
528654
528674
528674
528684
528684
528694
528704
528714
528734
528754
528794
528794
528814
528824
528824
528834
528844
528844
528854
528864
528884
528884
528904
528905
528915
528924
528945
528955
528955
528964
528964
528974
528974
528994
529014
529015
529024
529025
529054
529055
529065
529075
529075
529084
529085
529085
529085
529094
529095
529095
529105
529115
529125
529134
529145
529165
529185
529205
529205
529205
529225
529225
529235
529245
529255
529265
529265
529275
529295
529295
529296
529305
529316
529325
529345
529345
529365
529376
529396
529396
529405
529406
529416
529425
529426
529426
529435
529436
529446
529455
529456
529465
529466
529475
529495
529516
529535
529546
529566
529566
529575
529606
529616
529656
529656
529666
529675
529696
529706
529726
529726
529736
529756
529776
529786
529806
529816
529826
529826
529836
529856
529866
529906
529907
529907
529907
529936
529946
529956
529967
529976
529976
529987
529996
530007
530037
530076
530077
530077
530086
530096
530116
530146
530166
530177
530187
530187
530197
530206
530207
530217
530236
530257
530277
530297
530317
530347
530348
530357
530358
530367
530377
530427
530447
530447
530448
530448
530477
530487
530487
530507
530517
530527
530538
530547
530547
530547
530547
530558
530568
530577
530597
530597
530608
530647
530657
530657
530658
530678
530708
530708
530718
530748
530768
530768
530798
530818
530838
530848
530858
530868
530888
530888
530888
530888
530928
530928
530938
530989
531008
531008
531019
531028
531038
531049
531068
531068
531068
531069
531079
531079
531109
531148
531158
531159
531159
531179
531229
531229
531239
531249
531249
531258
531269
531279
531289
531289
531298
531299
531339
531349
531359
531369
531369
531369
531389
531389
531410
531429
531429
531449
531459
531459
531459
531460
531469
531469
531470
531479
531489
531509
531519
531519
531520
531539
531549
531569
531579
531590
531609
531610
531619
531639
531639
531649
531660
531680
531729
531740
531740
531770
531779
531780
531799
531799
531840
531860
531860
531870
531880
531880
531890
531900
531930
531970
531970
531970
531971
531990
532001
532010
532010
532020
532031
532050
532060
532071
532121
532190
532191
532191
532240
532251
532260
532281
532291
532311
532311
532311
532320
532321
532331
532341
532341
532341
532350
532381
532391
532401
532411
532421
532430
532441
532451
532461
532481
532481
532501
532501
532511
532521
532521
532531
532531
532552
532621
532631
532631
532661
532662
532662
532702
532712
532721
532722
532722
532731
532731
532742
532752
532761
532761
532762
532822
532822
532832
532852
532852
532912
532912
532922
532922
532922
532932
532932
532942
532942
532952
532952
532992
533022
533022
533042
533042
533072
533092
533112
533123
533132
533172
533183
533192
533212
533212
533232
533242
533242
533243
533253
533263
533273
533282
533283
533293
533303
533312
533323
533333
533333
533333
533353
533363
533372
533373
533373
533383
533413
533413
533433
533443
533463
533463
533473
533473
533483
533493
533533
533533
533533
533543
533553
533553
533563
533563
533583
533583
533593
533603
533603
533633
533633
533634
533634
533643
533693
533694
533694
533714
533724
533743
533743
533753
533793
533794
533804
533813
533843
533843
533853
533874
533884
533884
533893
533894
533904
533904
533924
533954
533963
533964
533964
533974
533984
534004
534004
534024
534024
534034
534054
534054
534064
534064
534074
534084
534104
534114
534134
534135
534145
534175
534194
534194
534234
534245
534245
534254
534254
534265
534275
534315
534345
534364
534365
534365
534415
534425
534434
534455
534465
534484
534495
534495
534524
534535
534545
534555
534555
534555
534555
534565
534565
534575
534585
534585
534615
534615
534635
534655
534655
534665
534675
534685
534695
534696
534725
534726
534735
534745
534755
534755
534756
534766
534785
534796
534815
534815
534825
534826
534845
534856
534875
534885
534905
534906
534906
534906
534996
534996
535026
535036
535066
535076
535086
535106
535116
535126
535127
535136
535146
535156
535176
535186
535206
535206
535206
535216
535226
535227
535237
535237
535276
535307
535307
535317
535337
535346
535367
535397
535417
535446
535467
535476
535506
535507
535507
535507
535517
535527
535527
535547
535557
535557
535566
535597
535597
535607
535617
535648
535657
535657
535677
535697
535707
535708
535747
535748
535757
535758
535798
535798
535838
535838
535848
535867
535897
535907
535908
535917
535927
535938
535958
535978
535998
535998
536038
536057
536068
536078
536078
536088
536098
536108
536118
536138
536138
536158
536158
536168
536168
536178
536178
536189
536198
536208
536228
536228
536228
536238
536248
536248
536268
536268
536278
536278
536308
536309
536318
536338
536339
536359
536368
536368
536399
536429
536438
536439
536448
536459
536459
536468
536498
536499
536499
536509
536529
536529
536539
536548
536579
536599
536599
536609
536619
536639
536649
536679
536679
536679
536719
536729
536729
536769
536779
536799
536800
536809
536819
536859
536859
536859
536869
536869
536879
536899
536899
536920
536920
536920
536939
536939
536969
536970
537000
537000
537009
537010
537030
537060
537070
537070
537080
537089
537090
537120
537120
537130
537140
537149
537150
537150
537160
537179
537180
537180
537189
537190
537200
537210
537230
537240
537240
537240
537240
537250
537260
537281
537290
537290
537310
537321
537340
537340
537340
537371
537400
537430
537441
537450
537451
537481
537490
537521
537530
537571
537591
537611
537611
537631
537631
537641
537641
537661
537690
537691
537701
537701
537711
537741
537741
537741
537771
537771
537771
537781
537791
537801
537821
537831
537831
537841
537851
537861
537862
537881
537881
537901
537901
537911
537912
537921
537931
537941
537971
537972
537982
537982
537992
538002
538012
538012
538022
538052
538072
538081
538091
538102
538121
538122
538132
538132
538182
538201
538201
538202
538221
538222
538232
538242
538262
538262
538332
538362
538383
538403
538432
538452
538462
538462
538482
538523
538523
538523
538573
538642
538672
538683
538692
538703
538713
538733
538743
538753
538783
538783
538823
538823
538833
538853
538863
538883
538884
538893
538903
538903
538923
538943
538974
538974
538993
538993
539004
539043
539043
539054
539064
539124
539154
539164
539194
539203
539244
539274
539274
539294
539314
539324
539334
539334
539344
539374
539384
539394
539404
539404
539404
539444
539444
539465
539474
539474
539474
539484
539504
539505
539524
539564
539574
539574
539575
539584
539604
539605
539614
539614
539624
539645
539665
539665
539684
539695
539725
539745
539754
539755
539774
539775
539785
539815
539835
539865
539905
539935
539935
539945
539946
539985
540025
540045
540046
540065
540066
540075
540086
540095
540105
540126
540136
540165
540175
540175
540196
540206
540215
540246
540275
540275
540286
540355
540365
540366
540366
540376
540376
540426
540446
540456
540467
540476
540486
540486
540496
540497
540516
540526
540527
540546
540547
540587
540606
540606
540607
540636
540636
540647
540666
540667
540676
540686
540686
540737
540746
540757
540757
540807
540816
540836
540837
540857
540906
540917
540927
540947
540957
540957
540967
540997
541007
541017
541047
541047
541058
541098
541098
541107
541107
541107
541108
541117
541128
541157
541157
541168
541187
541188
541188
541217
541218
541228
541238
541258
541258
541288
541288
541308
541318
541338
541347
541348
541348
541358
541358
541378
541418
541448
541448
541458
541468
541518
541528
541528
541558
541558
541568
541588
541598
541599
541619
541648
541649
541659
541668
541678
541678
541688
541688
541738
541748
541758
541758
541768
541809
541849
541898
541919
541929
541958
541959
541989
541989
542009
542029
542089
542090
542119
542129
542130
542139
542140
542149
542180
542180
542190
542209
542209
542219
542250
542250
542259
542270
542279
542290
542300
542300
542309
542310
542320
542320
542330
542330
542330
542340
542370
542380
542380
542389
542390
542400
542410
542420
542420
542440
542490
542490
542510
542520
542540
542580
542600
542610
542620
542660
542670
542700
542751
542760
542790
542790
542800
542820
542830
542851
542870
542900
542900
542921
542921
542941
542961
542961
542981
543001
543020
543031
543031
543041
543051
543071
543121
543152
543162
543181
543191
543191
543201
543211
543211
543211
543212
543221
543231
543241
543261
543262
543312
543322
543341
543342
543352
543372
543372
543381
543382
543412
543421
543432
543472
543482
543492
543501
543502
543511
543552
543582
543582
543592
543602
543612
543622
543622
543622
543632
543672
543693
543722
543742
543762
543763
543772
543772
543773
543832
543843
543862
543883
543892
543893
543913
543923
543963
543963
543973
543992
543993
544022
544023
544033
544033
544042
544043
544063
544073
544093
544103
544133
544133
544153
544163
544203
544213
544213
544214
544223
544243
544263
544273
544273
544283
544294
544303
544303
544304
544343
544373
544383
544403
544413
544424
544443
544474
544483
544493
544494
544503
544514
544554
544573
544584
544594
544594
544614
544644
544644
544664
544704
544724
544734
544734
544734
544754
544774
544834
544834
544835
544844
544864
544874
544875
544894
544904
544905
544915
544924
544924
544944
544944
544944
544944
544955
544955
544975
544985
545004
545005
545014
545025
545025
545035
545035
545044
545054
545065
545075
545075
545145
545145
545175
545205
545215
545215
545235
545265
545285
545286
545295
545296
545305
545325
545346
545375
545376
545376
545385
545386
545405
545415
545416
545425
545426
545445
545446
545455
545486
545486
545486
545495
545526
545565
545566
545585
545596
545606
545656
545696
545706
545726
545726
545736
545766
545766
545776
545786
545786
545807
545836
545837
545856
545876
545886
545887
545916
545936
545937
545946
545947
545956
545967
545986
545986
545996
546066
546066
546106
546107
546117
546127
546127
546137
546137
546137
546147
546156
546187
546187
546197
546207
546227
546227
546237
546247
546247
546247
546257
546288
546307
546307
546338
546417
546427
546448
546448
546467
546467
546478
546507
546508
546518
546588
546598
546618
546627
546647
546648
546657
546658
546668
546688
546698
546698
546698
546707
546718
546748
546778
546778
546818
546818
546828
546838
546878
546888
546918
546928
546938
546939
546958
546979
546999
547038
547048
547048
547058
547059
547059
547089
547089
547089
547109
547109
547148
547159
547189
547208
547208
547249
547249
547249
547279
547299
547329
547339
547359
547369
547389
547399
547399
547399
547429
547450
547459
547470
547520
547529
547530
547540
547560
547570
547570
547600
547619
547639
547700
547710
547740
547760
547790
547840
547850
547860
547880
547910
547910
547920
547950
547980
547990
548030
548060
548061
548070
548071
548090
548091
548101
548140
548140
548150
548161
548161
548171
548211
548261
548281
548281
548290
548301
548311
548321
548330
548341
548361
548371
548381
548411
548451
548451
548462
548472
548481
548491
548501
548511
548511
548541
548551
548552
548591
548601
548621
548622
548641
548691
548691
548772
548781
548782
548802
548812
548822
548842
548842
548842
548852
548872
548882
548882
548892
548892
548892
548902
548902
548922
548922
548952
548962
548972
548972
548982
549023
549052
549062
549092
549102
549132
549142
549143
549172
549173
549173
549213
549223
549223
549232
549242
549243
549243
549263
549263
549272
549283
549292
549323
549343
549353
549353
549373
549373
549393
549403
549403
549413
549423
549433
549453
549463
549473
549473
549483
549493
549513
549533
549544
549573
549583
549623
549623
549634
549653
549673
549683
549683
549733
549763
549774
549774
549784
549814
549824
549843
549864
549874
549874
549874
549883
549904
549944
549954
549974
549974
549984
549994
549994
550004
550005
550014
550034
550034
550074
550075
550104
550104
550104
550125
550134
550134
550155
550165
550165
550175
550195
550205
550215
550224
550225
550285
550295
550305
550325
550334
550344
550395
550424
550454
550455
550475
550475
550485
550515
550545
550545
550545
550545
550555
550555
550585
550615
550616
550626
550635
550635
550635
550645
550645
550645
550655
550655
550675
550725
550746
550795
550816
550826
550866
550866
550936
550946
550955
550956
550956
550956
550966
550976
551005
551006
551016
551056
551056
551056
551076
551077
551096
551116
551146
551146
551157
551176
551176
551176
551206
551217
551287
551327
551346
551347
551357
551366
551406
551407
551417
551457
551457
551477
551477
551477
551506
551537
551546
551547
551557
551577
551587
551597
551607
551607
551617
551637
551637
551648
551657
551678
551717
551727
551728
551737
551797
551828
551837
551847
551857
551857
551877
551877
551888
551938
551948
551948
551968
551968
551998
552008
552037
552038
552058
552058
552088
552098
552108
552128
552138
552148
552168
552168
552178
552188
552218
552228
552248
552269
552278
552308
552318
552338
552368
552418
552428
552429
552438
552469
552469
552469
552478
552489
552519
552529
552529
552538
552539
552549
552559
552559
552569
552578
552578
552579
552579
552599
552609
552629
552679
552729
552739
552759
552770
552770
552789
552799
552799
552810
552819
552820
552829
552870
552870
552900
552910
552949
552949
552950
552959
552970
552989
552990
553000
553009
553019
553030
553040
553080
553100
553120
553140
553170
553170
553180
553190
553200
553200
553210
553220
553230
553270
553280
553280
553300
553301
553360
553370
553391
553420
553441
553500
553501
553541
553560
553590
553611
553611
553681
553711
553721
553741
553772
553811
553821
553822
553841
553841
553861
553891
553921
553951
553952
553952
553981
553992
554012
554021
554042
554102
554122
554152
554152
554171
554172
554181
554222
554252
554272
554272
554292
554302
554313
554322
554342
554352
554362
554363
554392
554393
554402
554432
554442
554443
554472
554473
554523
554533
554542
554613
554623
554633
554673
554693
554722
554733
554763
554763
554793
554803
554813
554843
554853
554854
554863
554873
554883
554884
554903
554933
554953
554963
554973
554973
554984
555014
555033
555063
555073
555073
555074
555083
555084
555144
555164
555174
555184
555184
555194
555194
555204
555224
555244
555283
555314
555344
555364
555365
555384
555454
555474
555504
555504
555514
555544
555545
555545
555565
555575
555584
555594
555605
555675
555685
555695
555714
555745
555755
555795
555795
555885
555885
555895
555895
555935
555935
555955
555956
555965
555986
556025
556065
556086
556106
556126
556135
556145
556156
556165
556166
556175
556185
556186
556186
556256
556276
556286
556296
556306
556316
556326
556336
556336
556336
556356
556366
556376
556376
556386
556386
556406
556427
556436
556436
556466
556516
556536
556536
556546
556546
556586
556586
556607
556626
556636
556656
556656
556696
556697
556707
556707
556716
556726
556736
556737
556777
556787
556796
556817
556827
556856
556856
556857
556857
556857
556867
556877
556897
556917
556917
557017
557037
557048
557048
557068
557087
557097
557107
557117
557147
557147
557157
557178
557208
557248
557277
557287
557348
557377
557378
557408
557408
557418
557428
557448
557468
557478
557488
557488
557488
557489
557508
557548
557568
557589
557638
557639
557639
557648
557658
557659
557688
557718
557719
557728
557738
557739
557749
557749
557769
557769
557779
557798
557818
557849
557849
557889
557889
557898
557899
557908
557909
557929
557929
557949
557959
557969
557979
557979
558019
558029
558049
558069
558069
558079
558090
558100
558109
558119
558139
558159
558169
558180
558219
558280
558280
558300
558319
558330
558339
558340
558360
558410
558440
558440
558470
558470
558480
558490
558510
558541
558550
558550
558570
558590
558591
558610
558620
558630
558680
558680
558681
558690
558761
558771
558821
558861
558901
558930
558931
558940
558941
558971
558981
558991
559001
559051
559061
559111
559121
559121
559132
559161
559181
559181
559191
559191
559211
559231
559232
559251
559251
559292
559301
559311
559322
559372
559381
559382
559421
559422
559422
559422
559432
559432
559461
559461
559461
559491
559492
559522
559541
559542
559572
559582
559582
559582
559602
559622
559632
559642
559642
559652
559712
559722
559732
559743
559783
559793
559802
559802
559812
559823
559842
559852
559862
559893
559913
559923
559923
559942
559943
559963
559973
560003
560012
560013
560033
560033
560053
560063
560073
560073
560083
560083
560103
560123
560153
560153
560153
560164
560183
560223
560233
560243
560253
560313
560343
560353
560353
560384
560404
560434
560443
560443
560444
560444
560454
560454
560484
560494
560494
560513
560524
560534
560544
560544
560574
560604
560613
560634
560634
560644
560644
560654
560654
560654
560654
560664
560674
560674
560694
560724
560724
560755
560755
560774
560784
560784
560804
560835
560854
560854
560854
560855
560865
560914
561015
561015
561025
561034
561035
561035
561035
561054
561065
561085
561105
561125
561165
561166
561185
561195
561215
561225
561225
561235
561265
561305
561305
561315
561315
561315
561336
561346
561376
561376
561385
561415
561426
561486
561506
561536
561536
561555
561565
561566
561576
561596
561596
561606
561626
561676
561676
561696
561736
561776
561786
561806
561806
561816
561866
561877
561966
561997
562017
562026
562036
562047
562047
562047
562057
562057
562067
562087
562097
562117
562137
562177
562187
562187
562196
562267
562288
562297
562297
562347
562357
562367
562388
562388
562417
562417
562427
562437
562488
562498
562508
562518
562528
562537
562538
562538
562568
562577
562578
562598
562598
562638
562648
562657
562688
562688
562718
562728
562738
562818
562838
562839
562848
562848
562859
562888
562919
562928
562928
562929
562938
562959
562969
563019
563098
563099
563118
563139
563149
563178
563188
563189
563248
563279
563279
563329
563339
563349
563349
563349
563389
563390
563399
563419
563420
563430
563430
563440
563509
563520
563530
563550
563570
563580
563589
563599
563650
563650
563659
563660
563689
563690
563690
563720
563750
563890
563920
563940
563980
564000
564020
564050
564181
564191
564251
564251
564261
564271
564301
564301
564351
564381
564432
564441
564451
564451
564472
564491
564501
564502
564512
564522
564541
564552
564561
564571
564581
564611
564612
564622
564632
564662
564682
564692
564731
564732
564732
564741
564742
564742
564752
564762
564822
564822
564831
564872
564882
564902
564922
564932
564932
564972
564992
564992
565012
565062
565062
565073
565082
565082
565102
565172
565183
565202
565213
565213
565232
565253
565253
565253
565262
565273
565303
565303
565333
565353
565362
565363
565373
565402
565403
565403
565413
565413
565463
565503
565533
565534
565593
565604
565633
565633
565634
565643
565653
565663
565664
565673
565733
565743
565744
565744
565744
565744
565753
565754
565774
565804
565804
565813
565844
565854
565854
565874
565954
565965
565984
566034
566035
566064
566065
566074
566094
566095
566114
566115
566135
566145
566155
566174
566195
566215
566255
566265
566265
566304
566305
566335
566344
566395
566405
566415
566415
566444
566505
566505
566555
566565
566595
566615
566625
566625
566645
566685
566696
566715
566745
566766
566776
566776
566846
566905
566906
566906
566916
566916
566926
566936
566936
566986
567026
567037
567096
567096
567106
567156
567176
567187
567226
567246
567256
567256
567286
567286
567287
567297
567327
567367
567387
567417
567417
567457
567477
567517
567537
567537
567557
567557
567567
567567
567617
567617
567627
567637
567637
567657
567677
567677
567687
567707
567707
567777
567778
567778
567787
567858
567868
567878
567878
567878
567887
567888
567958
568008
568048
568068
568088
568098
568128
568138
568189
568218
568228
568248
568259
568269
568289
568298
568299
568308
568318
568328
568329
568358
568359
568379
568388
568399
568409
568439
568489
568539
568539
568558
568559
568569
568629
568639
568659
568669
568670
568689
568690
568709
568709
568720
568739
568740
568740
568890
568920
568929
568930
568960
568999
569009
569089
569090
569100
569100
569100
569120
569210
569211
569270
569310
569350
569361
569361
569390
569390
569390
569410
569441
569471
569491
569500
569501
569521
569541
569541
569551
569601
569611
569631
569651
569661
569681
569681
569711
569732
569741
569741
569771
569781
569801
569801
569811
569821
569821
569841
569861
569871
569891
569901
569901
569912
569932
569941
569952
570042
570062
570132
570132
570141
570162
570172
570172
570192
570202
570343
570352
570372
570402
570413
570442
570453
570472
570513
570513
570522
570533
570552
570553
570572
570592
570623
570623
570723
570744
570753
570773
570783
570793
570803
570823
570843
570873
570893
570894
570894
570923
570944
570963
570973
570973
570983
571013
571043
571074
571084
571254
571254
571284
571284
571404
571404
571435
571454
571455
571474
571504
571514
571525
571525
571555
571595
571624
571655
571685
571735
571745
571765
571765
571775
571785
571785
571795
571835
571835
571845
571845
571855
571855
571865
571885
571905
571906
571925
571976
572006
572006
572056
572056
572066
572075
572105
572116
572196
572206
572206
572216
572216
572276
572286
572286
572316
572326
572326
572346
572346
572356
572366
572386
572406
572416
572456
572456
572476
572486
572506
572537
572566
572646
572657
572667
572677
572687
572687
572717
572737
572777
572787
572797
572807
572837
572847
572857
572867
572867
572967
572987
572988
573007
573007
573017
573067
573067
573098
573158
573167
573168
573178
573208
573218
573218
573238
573248
573248
573257
573288
573318
573348
573408
573428
573438
573438
573478
573479
573488
573529
573549
573558
573628
573629
573638
573639
573648
573648
573669
573698
573699
573709
573748
573749
573769
573799
573849
573899
573959
573959
573969
574009
574039
574049
574069
574079
574079
574080
574100
574110
574129
574180
574240
574250
574270
574300
574350
574390
574400
574430
574430
574520
574540
574541
574580
574591
574591
574601
574621
574631
574670
574670
574700
574701
574750
574751
574791
574800
574851
574861
574871
574881
574891
574891
574910
574991
575031
575031
575041
575041
575072
575081
575121
575122
575141
575212
575212
575231
575252
575261
575272
575281
575362
575432
575432
575502
575512
575542
575552
575552
575572
575592
575622
575643
575652
575692
575722
575732
575742
575752
575772
575772
575773
575783
575792
575822
575823
575842
575872
575883
575923
575923
575933
575933
575933
575983
576003
576013
576043
576063
576073
576164
576173
576183
576183
576193
576203
576223
576244
576293
576304
576364
576374
576374
576393
576394
576414
576424
576433
576463
576464
576464
576483
576514
576514
576533
576534
576554
576564
576594
576614
576614
576644
576645
576695
576725
576725
576734
576735
576764
576774
576805
576814
576845
576865
576884
576885
576894
576914
576915
576915
576915
576925
576945
576955
576965
576984
577065
577075
577125
577135
577175
577195
577245
577265
577285
577295
577305
577316
577326
577336
577346
577355
577355
577376
577385
577396
577456
577465
577496
577526
577536
577546
577566
577576
577596
577616
577656
577676
577717
577726
577746
577777
577796
577797
577867
577896
577906
577906
577906
577907
577927
577966
577976
577977
577997
578026
578056
578067
578087
578107
578107
578207
578217
578227
578228
578287
578327
578357
578377
578428
578438
578448
578457
578478
578498
578528
578528
578538
578548
578558
578648
578698
578708
578728
578738
578778
578788
578799
578818
578818
578849
578858
578859
578868
578878
578898
578908
578938
578939
578948
578999
579059
579059
579069
579079
579079
579089
579129
579129
579159
579169
579279
579319
579329
579339
579349
579369
579379
579390
579390
579400
579400
579409
579409
579409
579409
579420
579459
579490
579490
579499
579499
579529
579560
579569
579570
579620
579630
579650
579650
579659
579670
579680
579680
579699
579730
579820
579830
579830
579870
579900
579930
579940
580010
580030
580051
580051
580060
580081
580110
580110
580111
580141
580160
580180
580190
580201
580221
580231
580231
580261
580271
580281
580291
580301
580301
580382
580391
580392
580431
580441
580461
580471
580501
580561
580572
580671
580672
580682
580702
580722
580722
580742
580742
580752
580782
580802
580832
580852
580902
580932
580942
580953
580992
581032
581052
581062
581072
581073
581093
581123
581133
581142
581143
581182
581183
581203
581233
581282
581312
581322
581363
581373
581373
581383
581423
581473
581483
581503
581544
581554
581583
581583
581594
581624
581664
581684
581734
581784
581813
581814
581834
581874
581884
581884
581914
581944
581974
582034
582044
582074
582075
582104
582134
582164
582165
582194
582264
582265
582284
582285
582325
582335
582375
582385
582405
582425
582495
582505
582515
582536
582546
582555
582555
582575
582586
582605
582605
582665
582695
582706
582726
582785
582786
582816
582826
582826
582866
582875
582896
582906
582916
582936
582946
582966
582976
582976
583036
583046
583066
583066
583066
583106
583116
583147
583157
583177
583216
583306
583327
583346
583407
583427
583457
583467
583467
583487
583487
583497
583517
583517
583527
583547
583587
583697
583698
583717
583787
583788
583798
583827
583858
583937
583948
583967
583968
584038
584048
584058
584098
584099
584108
584129
584178
584198
584208
584208
584219
584229
584239
584239
584258
584299
584328
584328
584329
584338
584349
584428
584468
584469
584479
584499
584499
584539
584619
584659
584669
584669
584679
584699
584710
584739
584749
584799
584820
584829
584880
584899
584950
584970
584990
584990
585000
585009
585020
585030
585050
585080
585130
585160
585181
585230
585240
585250
585270
585271
585371
585490
585491
585521
585530
585531
585591
585621
585631
585661
585691
585701
585702
585731
585741
585751
585761
585781
585841
585842
585852
585872
585942
585942
585952
585982
586031
586061
586122
586132
586132
586162
586162
586172
586172
586202
586233
586262
586282
586283
586312
586322
586333
586352
586352
586373
586412
586443
586532
586533
586543
586543
586552
586553
586592
586612
586633
586653
586713
586733
586733
586753
586794
586804
586813
586834
586863
586864
586873
586883
586914
586933
586933
586934
586954
586984
587014
587084
587103
587104
587114
587123
587133
587144
587174
587184
587204
587214
587334
587354
587395
587445
587454
587454
587474
587514
587524
587554
587595
587605
587645
587655
587664
587675
587675
587705
587735
587735
587765
587775
587785
587825
587845
587855
587905
587925
587936
587976
588005
588126
588156
588166
588196
588196
588215
588236
588256
588256
588256
588286
588286
588296
588306
588306
588316
588316
588416
588436
588537
588556
588556
588566
588596
588647
588676
588677
588727
588757
588797
588797
588807
588817
588877
588897
588897
588907
588937
588938
588967
588998
589037
589057
589058
589088
589137
589148
589168
589198
589198
589228
589228
589248
589258
589258
589278
589287
589318
589358
589368
589368
589388
589408
589418
589418
589428
589438
589538
589558
589559
589569
589578
589589
589589
589639
589639
589759
589769
589789
589789
589789
589829
589829
589849
589899
589919
589940
590029
590049
590069
590130
590139
590160
590160
590160
590199
590239
590250
590250
590260
590270
590270
590280
590360
590360
590390
590420
590420
590440
590480
590480
590500
590560
590580
590611
590641
590671
590690
590701
590710
590751
590760
590821
590831
590841
590860
590920
590931
591001
591001
591031
591051
591051
591071
591081
591081
591101
591121
591151
591161
591192
591202
591242
591312
591341
591342
591342
591362
591422
591452
591512
591512
591572
591582
591582
591602
591652
591652
591653
591682
591692
591722
591722
591723
591742
591763
591763
591993
591993
591993
591993
591993
592003
592043
592053
592063
592064
592113
592163
592163
592174
592183
592203
592224
592224
592244
592263
592273
592274
592274
592284
592284
592324
592354
592484
592484
592494
592524
592554
592594
592625
592634
592644
592704
592735
592755
592764
592765
592765
592775
592915
592915
592925
592945
592954
592955
592964
592985
593015
593055
593136
593145
593185
593185
593186
593256
593275
593396
593396
593406
593436
593456
593526
593546
593546
593546
593556
593576
593596
593656
593656
593666
593667
593686
593756
593756
593756
593776
593817
593837
593847
593857
593906
593936
593947
594007
594016
594027
594027
594037
594057
594057
594057
594137
594157
594197
594198
594207
594217
594237
594237
594267
594348
594357
594357
594367
594418
594497
594528
594548
594617
594688
594728
594779
594789
594838
594859
594908
594978
594979
594988
594999
595039
595048
595049
595069
595089
595089
595098
595149
595209
595219
595239
595239
595259
595269
595289
595309
595309
595329
595329
595329
595329
595340
595369
595389
595389
595410
595419
595419
595479
595489
595520
595610
595640
595660
595680
595730
595760
595760
595770
595790
595840
595840
595840
595950
595980
595990
596010
596041
596051
596191
596201
596221
596221
596251
596251
596261
596331
596331
596361
596381
596421
596421
596431
596451
596471
596472
596491
596501
596502
596522
596582
596712
596722
596742
596772
596792
596832
596832
596842
596853
596872
596892
596902
596912
596972
597052
597143
597153
597172
597193
597262
597273
597303
597303
597333
597333
597353
597363
597393
597413
597423
597504
597504
597523
597553
597573
597584
597594
597644
597653
597653
597714
597724
597794
597854
597874
597894
597904
597944
597974
598004
598004
598024
598084
598104
598124
598195
598245
598285
598315
598315
598334
598354
598365
598455
598495
598556
598595
598605
598615
598625
598635
598655
598685
598706
598706
598716
598756
598766
598786
598806
598806
598816
598825
598826
598876
598886
598956
598986
599046
599076
599086
599116
599166
599167
599187
599236
599247
599247
599247
599296
599377
599387
599387
599397
599427
599487
599487
599537
599548
599548
599557
599568
599577
599598
599637
599658
599678
599687
599688
599717
599718
599728
599748
599837
599838
599848
599858
599858
599858
599878
599908
599908
599908
599918
599968
600008
600018
600028
600028
600068
600249
600249
600289
600348
600358
600389
600439
600459
600488
600499
600549
600569
600600
600660
600719
600719
600729
600759
600779
600780
600810
600830
600850
601020
601040
601060
601070
601150
601160
601190
601191
601241
601251
601281
601311
601351
601370
601390
601391
601401
601401
601420
601461
601471
601561
601571
601581
601651
601691
601721
601802
601841
601852
601861
601902
601971
601991
601991
602022
602022
602042
602092
602112
602132
602142
602142
602142
602162
602172
602182
602212
602253
602262
602282
602302
602303
602352
602392
602392
602432
602453
602472
602513
602523
602553
602583
602603
602613
602633
602683
602723
602753
602753
602944
602963
602964
602994
603044
603093
603104
603113
603164
603164
603204
603204
603214
603234
603315
603344
603404
603415
603525
603555
603565
603584
603645
603655
603655
603665
603715
603845
603846
603855
603875
603915
603936
603955
603966
603985
604006
604036
604056
604095
604115
604125
604125
604136
604176
604196
604236
604256
604256
604336
604347
604367
604386
604417
604447
604456
604467
604517
604517
604536
604557
604566
604566
604587
604627
604636
604657
604687
604727
604747
604747
604797
604797
604827
604847
604867
604868
604907
604927
604947
604948
604987
605027
605047
605067
605077
605078
605097
605098
605137
605167
605268
605288
605298
605308
605328
605338
605348
605388
605398
605418
605489
605499
605518
605579
605598
605629
605678
605679
605728
605759
605769
605779
605779
605849
605859
605879
605899
605980
606020
606020
606029
606030
606069
606109
606129
606130
606139
606140
606140
606159
606159
606189
606189
606190
606200
606250
606289
606290
606310
606310
606320
606320
606360
606420
606430
606481
606520
606530
606550
606580
606601
606610
606620
606621
606630
606661
606661
606691
606700
606720
606771
606791
606801
606810
606820
606821
606831
606841
606861
606861
606881
606881
606891
606901
606941
606951
606981
606982
606992
607011
607051
607061
607111
607122
607181
607211
607211
607282
607312
607342
607372
607382
607442
607472
607472
607473
607513
607532
607542
607542
607552
607562
607622
607622
607822
607863
607882
607953
607973
608033
608043
608064
608083
608143
608183
608193
608243
608243
608293
608304
608323
608343
608384
608484
608515
608534
608554
608564
608565
608574
608584
608594
608594
608614
608634
608644
608684
608694
608695
608765
608814
608865
608874
608874
608875
608875
608885
608945
609014
609025
609065
609115
609135
609155
609185
609216
609225
609235
609235
609276
609296
609346
609406
609446
609516
609526
609596
609606
609617
609626
609686
609706
609707
609727
609736
609746
609767
609856
609877
609917
609926
609937
609977
610047
610056
610057
610067
610197
610217
610227
610237
610248
610267
610278
610297
610358
610368
610378
610388
610498
610518
610568
610618
610678
610718
610738
610748
610758
610769
610798
610808
610859
610878
610898
610919
610929
610938
610939
610948
610959
610978
611009
611059
611079
611098
611149
611159
611209
611219
611229
611249
611269
611270
611290
611419
611459
611460
611500
611500
611509
611520
611529
611559
611630
611640
611659
611670
611740
611781
611830
611890
611920
611941
611990
612041
612050
612091
612101
612101
612110
612150
612151
612201
612281
612281
612292
612321
612341
612391
612401
612412
612431
612462
612532
612541
612562
612571
612582
612582
612611
612632
612651
612722
612742
612762
612802
612822
612883
612892
613032
613042
613042
613093
613102
613133
613142
613203
613253
613283
613293
613323
613343
613353
613443
613453
613463
613494
613503
613504
613553
613563
613563
613564
613574
613614
613624
613643
613684
613733
613744
613744
613764
613764
613783
613804
613844
613874
613965
613974
613984
613985
613994
614014
614014
614015
614115
614165
614175
614205
614205
614245
614245
614275
614275
614335
614385
614395
614395
614416
614435
614445
614456
614465
614495
614585
614715
614726
614745
614806
614876
614876
614886
614886
614906
614936
614966
614986
615116
615126
615136
615146
615177
615177
615196
615257
615257
615286
615297
615317
615347
615347
615377
615407
615407
615417
615487
615547
615597
615607
615638
615678
615698
615707
615747
615758
615758
615797
615818
615837
615838
615858
615858
615908
615908
615928
615958
615968
615998
616018
616048
616048
616199
616218
616239
616259
616268
616279
616319
616349
616359
616369
616388
616388
616389
616509
616510
616519
616529
616550
616579
616580
616599
616609
616630
616670
616679
616699
616720
616789
616809
616900
616970
616980
617040
617050
617070
617151
617160
617200
617241
617261
617320
617320
617390
617401
617451
617491
617521
617561
617581
617601
617691
617721
617751
617761
617821
617831
617861
617992
618002
618032
618072
618092
618092
618092
618122
618133
618162
618182
618192
618193
618202
618223
618243
618292
618292
618332
618342
618393
618403
618423
618443
618453
618473
618473
618533
618533
618563
618563
618613
618623
618643
618663
618673
618684
618723
618754
618773
618783
618794
618813
618824
618873
618883
618914
618994
619003
619004
619024
619024
619044
619084
619114
619154
619164
619214
619215
619224
619315
619334
619335
619355
619365
619404
619435
619445
619455
619465
619475
619505
619514
619515
619525
619525
619615
619625
619655
619665
619665
619685
619835
619835
619845
619866
619965
619996
620156
620196
620307
620367
620367
620496
620516
620547
620567
620596
620606
620646
620707
620707
620707
620737
620737
620757
620777
620787
620787
620787
620837
620837
620867
620897
620927
620937
620938
620967
621007
621008
621018
621077
621098
621128
621168
621168
621208
621218
621248
621248
621258
621278
621288
621298
621298
621328
621329
621368
621369
621508
621549
621568
621639
621648
621689
621709
621769
621769
621799
621799
621819
621819
621859
621899
621909
621919
621929
621999
622019
622149
622160
622170
622200
622220
622239
622240
622250
622270
622290
622440
622450
622451
622530
622540
622550
622641
622661
622681
622681
622691
622701
622721
622741
622751
622761
622771
622821
622881
622881
622891
622901
622921
622922
622951
622971
623011
623011
623011
623041
623051
623051
623071
623091
623101
623132
623191
623192
623232
623241
623272
623272
623322
623342
623352
623362
623402
623482
623502
623553
623582
623582
623603
623603
623603
623612
623622
623622
623633
623652
623652
623653
623663
623663
623702
623723
623732
623832
623873
623873
623943
623943
623953
623963
624043
624043
624053
624053
624074
624084
624103
624104
624123
624123
624144
624184
624233
624254
624264
624273
624293
624303
624314
624364
624374
624394
624404
624474
624534
624544
624555
624575
624575
624604
624605
624634
624634
624725
624734
624734
624795
624814
624835
624845
624875
624915
624915
624915
624965
624985
625015
625065
625066
625076
625085
625125
625145
625155
625186
625205
625255
625285
625286
625296
625335
625366
625396
625416
625426
625446
625536
625546
625556
625576
625586
625606
625606
625606
625686
625697
625707
625766
625786
625787
625787
625797
625807
625816
625827
625836
625917
625926
625987
625997
626037
626057
626087
626127
626127
626147
626188
626188
626197
626198
626227
626227
626228
626248
626327
626408
626418
626488
626488
626488
626508
626548
626568
626578
626598
626609
626618
626629
626638
626658
626708
626718
626718
626728
626778
626808
626818
626838
626899
626909
626909
626918
626919
626939
626969
626969
626979
627049
627069
627099
627169
627179
627199
627209
627209
627209
627250
627250
627260
627280
627289
627309
627329
627369
627379
627389
627389
627400
627469
627470
627519
627570
627570
627700
627720
627730
627730
627760
627781
627790
627831
627840
627890
627901
627921
628011
628020
628081
628100
628131
628151
628181
628181
628201
628201
628282
628301
628311
628322
628432
628441
628472
628482
628541
628552
628562
628562
628572
628582
628592
628662
628702
628732
628742
628752
628752
628802
628822
628852
628882
628933
628952
628973
628973
628993
629023
629023
629072
629093
629143
629173
629183
629243
629253
629253
629253
629293
629303
629313
629373
629383
629384
629403
629413
629423
629464
629483
629484
629493
629513
629513
629523
629524
629524
629573
629584
629623
629633
629664
629674
629754
629784
629804
629864
629864
629884
629904
629904
629924
629964
629994
630014
630014
630065
630065
630085
630105
630105
630144
630145
630164
630185
630215
630215
630225
630255
630335
630365
630415
630425
630445
630445
630446
630446
630466
630466
630496
630515
630566
630585
630595
630605
630615
630625
630636
630666
630686
630686
630695
630736
630776
630796
630796
630806
630826
630856
630856
630906
630926
630936
630946
630976
630996
630996
631047
631057
631066
631067
631076
631146
631157
631186
631217
631227
631237
631237
631246
631276
631297
631327
631337
631438
631477
631477
631497
631498
631508
631518
631537
631538
631547
631648
631658
631677
631687
631707
631708
631727
631728
631728
631728
631778
631868
631898
631959
631998
632008
632018
632018
632028
632038
632038
632038
632098
632108
632109
632139
632168
632218
632319
632319
632349
632358
632369
632379
632408
632429
632449
632479
632559
632590
632619
632620
632640
632649
632669
632699
632710
632720
632730
632730
632779
632830
632830
632840
632890
632900
632930
632980
632990
633030
633050
633091
633110
633161
633191
633221
633261
633331
633381
633431
633471
633471
633491
633491
633521
633531
633531
633621
633642
633692
633702
633741
633792
633811
633832
633852
633861
633872
633982
633992
634012
634022
634032
634042
634052
634082
634082
634123
634132
634142
634222
634252
634252
634253
634282
634293
634313
634343
634392
634413
634473
634473
634523
634553
634563
634573
634643
634643
634653
634683
634733
634753
634753
634794
634833
634833
634863
634863
634873
634873
634893
634914
634924
635074
635074
635074
635124
635125
635164
635164
635174
635184
635194
635204
635234
635255
635275
635315
635324
635324
635334
635344
635344
635365
635445
635455
635465
635505
635545
635565
635615
635715
635745
635835
635915
635916
635966
636026
636096
636115
636116
636126
636126
636166
636166
636176
636196
636217
636226
636296
636306
636346
636386
636397
636406
636406
636466
636476
636477
636516
636527
636547
636557
636587
636617
636636
636646
636647
636677
636747
636777
636787
636797
636798
636818
636857
636878
636897
636898
636908
636947
636998
636998
637017
637018
637047
637057
637067
637068
637087
637117
637148
637168
637228
637228
637228
637268
637268
637298
637308
637318
637338
637408
637409
637429
637438
637449
637499
637529
637548
637569
637599
637599
637599
637739
637829
637879
637909
637919
637950
637970
637980
638000
638019
638049
638050
638069
638080
638100
638109
638120
638159
638220
638290
638300
638320
638390
638390
638410
638420
638421
638431
638471
638491
638510
638531
638560
638611
638631
638631
638710
638821
638871
638921
638921
638941
638991
639002
639031
639042
639052
639092
639102
639162
639192
639192
639232
639242
639292
639302
639312
639322
639322
639332
639332
639341
639342
639362
639372
639382
639412
639432
639442
639453
639502
639502
639523
639533
639563
639593
639682
639713
639763
639783
639813
639853
639873
639893
639893
639923
639923
639933
639943
639953
639963
639984
639993
640013
640023
640034
640053
640113
640124
640124
640144
640164
640183
640184
640194
640214
640264
640314
640364
640414
640434
640474
640515
640534
640584
640585
640615
640624
640655
640684
640685
640694
640715
640725
640735
640745
640804
640805
640824
640845
640855
640975
640985
641015
641026
641045
641055
641095
641135
641155
641156
641176
641196
641205
641255
641256
641266
641276
641276
641296
641356
641376
641376
641426
641436
641476
641486
641526
641536
641596
641637
641637
641677
641716
641747
641786
641816
641817
641906
641907
641927
641937
641967
641997
642017
642047
642067
642127
642127
642337
642378
642388
642398
642458
642468
642478
642487
642548
642598
642608
642628
642648
642678
642699
642728
642798
642858
642858
642869
642888
642899
642929
642938
642959
642978
643009
643039
643049
643079
643109
643129
643129
643210
643230
643250
643259
643270
643310
643320
643339
643349
643360
643369
643450
643460
643510
643540
643560
643570
643610
643610
643670
643720
643730
643740
643821
643900
643910
643951
643970
644010
644011
644031
644051
644081
644131
644221
644231
644251
644292
644302
644321
644401
644451
644462
644521
644532
644532
644532
644552
644552
644562
644642
644642
644692
644692
644722
644742
644742
644783
644792
644832
644852
644883
644893
644902
644903
644912
644932
644932
644962
644963
644983
644983
645003
645023
645032
645033
645043
645043
645073
645093
645153
645283
645313
645324
645333
645363
645374
645383
645394
645404
645443
645473
645494
645504
645513
645514
645533
645574
645584
645594
645634
645653
645684
645694
645754
645794
645824
645834
645834
645834
645844
645915
645944
645964
645964
645975
645994
645995
645995
646055
646094
646094
646095
646105
646115
646164
646164
646175
646185
646235
646295
646355
646395
646455
646455
646465
646525
646536
646545
646585
646595
646606
646626
646626
646635
646636
646656
646656
646675
646696
646716
646807
646816
646836
646836
646926
646966
646966
646976
647017
647046
647126
647147
647187
647207
647287
647307
647307
647347
647357
647357
647367
647438
647477
647488
647558
647567
647577
647617
647618
647788
647798
647848
647848
647858
647918
647938
647948
647958
647978
647999
648049
648089
648138
648139
648148
648159
648179
648199
648219
648229
648238
648259
648289
648299
648329
648399
648399
648409
648419
648460
648479
648480
648489
648539
648549
648570
648649
648650
648670
648730
648790
648800
648900
648920
648970
649000
649040
649050
649080
649080
649091
649101
649120
649140
649140
649140
649141
649160
649181
649210
649221
649281
649351
649371
649411
649411
649441
649511
649581
649631
649661
649661
649662
649671
649692
649722
649741
649762
649811
649832
649862
649881
649882
649891
649892
649901
649911
649921
649942
649982
650012
650032
650033
650062
650142
650182
650222
650252
650253
650273
650332
650332
650333
650363
650373
650383
650393
650473
650483
650503
650523
650533
650533
650554
650563
650574
650593
650604
650633
650643
650653
650673
650683
650754
650794
650813
650824
650854
650864
650874
650904
650934
650984
650993
650994
651034
651054
651074
651085
651174
651184
651195
651264
651274
651344
651445
651454
651464
651485
651494
651515
651525
651534
651535
651565
651605
651635
651665
651715
651715
651735
651745
651756
651785
651826
651856
651865
651896
651926
651926
651935
651936
651976
651976
652045
652056
652126
652126
652156
652156
652236
652276
652286
652287
652296
652297
652327
652357
652376
652396
652397
652407
652436
652447
652447
652456
652476
652507
652507
652517
652527
652527
652547
652557
652577
652637
652667
652758
652807
652847
652878
652897
652897
652898
652937
652957
652958
652958
652988
652997
653008
653008
653017
653037
653088
653118
653158
653178
653188
653198
653218
653228
653238
653248
653258
653279
653308
653359
653368
653369
653459
653539
653549
653578
653579
653598
653619
653619
653629
653659
653669
653709
653770
653809
653850
653869
653889
653909
653930
653970
654050
654089
654130
654200
654220
654240
654310
654331
654350
654401
654410
654451
654461
654490
654490
654521
654541
654541
654591
654630
654680
654691
654701
654711
654731
654781
654821
654851
654871
654892
654962
654972
655022
655031
655061
655062
655082
655112
655212
655222
655232
655242
655272
655282
655301
655302
655322
655373
655392
655402
655422
655432
655462
655473
655513
655552
655583
655593
655602
655613
655623
655623
655632
655643
655693
655713
655753
655763
655803
655823
655833
655853
655953
656184
656244
656273
656273
656294
656304
656314
656324
656394
656414
656434
656444
656535
656564
656695
656704
656725
656735
656835
656845
656865
656915
656915
656975
656975
657095
657145
657225
657256
657285
657306
657326
657326
657375
657395
657446
657446
657527
657536
657646
657646
657646
657656
657747
657776
657817
657827
657867
657907
657917
658027
658057
658097
658127
658128
658148
658207
658227
658247
658328
658338
658348
658388
658418
658448
658458
658498
658538
658559
658568
658708
658738
658739
658778
658778
658778
658819
658828
658869
658879
658888
658919
658919
658959
658979
659019
659059
659079
659079
659109
659149
659209
659229
659249
659269
659279
659290
659300
659310
659339
659420
659470
659479
659550
659570
659621
659630
659670
659700
659791
659810
659821
659851
659851
659861
659931
659931
659941
659960
660091
660101
660111
660151
660301
660302
660351
660372
660401
660441
660471
660472
660491
660512
660512
660541
660561
660582
660582
660662
660682
660762
660792
660792
660812
660822
660962
660963
660982
660992
661003
661042
661042
661063
661073
661073
661073
661143
661143
661153
661213
661223
661253
661293
661304
661323
661324
661333
661333
661354
661383
661393
661393
661404
661473
661533
661574
661574
661634
661644
661644
661674
661714
661734
661764
661785
661844
661864
661865
661914
661924
661954
661984
661994
662005
662075
662085
662105
662115
662134
662155
662155
662205
662235
662255
662335
662335
662336
662365
662395
662415
662415
662416
662436
662475
662476
662505
662525
662655
662656
662675
662756
662816
662866
662886
662946
662977
663007
663087
663156
663157
663187
663197
663217
663237
663257
663318
663347
663378
663388
663397
663498
663588
663627
663628
663638
663758
663788
663848
663888
663909
663948
663979
663988
663998
664038
664069
664158
664219
664258
664338
664339
664379
664399
664439
664459
664579
664599
664609
664629
664650
664659
664689
664720
664730
664749
664760
664850
664850
664890
664910
665001
665020
665041
665080
665081
665090
665101
665110
665191
665281
665290
665321
665391
665481
665501
665541
665611
665651
665662
665702
665722
665731
665782
665812
665812
665822
665862
665871
665902
665942
665982
666002
666042
666113
666132
666152
666193
666232
666253
666353
666393
666443
666453
666513
666534
666544
666563
666583
666603
666613
666623
666624
666643
666704
666713
666714
666724
666914
666934
666974
667114
667174
667224
667234
667295
667304
667334
667354
667355
667445
667465
667465
667465
667485
667495
667655
667675
667816
667835
667876
668026
668076
668106
668116
668126
668207
668307
668326
668357
668467
668477
668537
668627
668817
668827
668928
668958
669018
669028
669088
669098
669098
669148
669238
669239
669258
669268
669418
669438
669479
669489
669529
669579
669689
669709
669739
669759
669759
669769
669819
669900
669910
669940
669949
669960
669980
670050
670100
670150
670170
670180
670200
670230
670291
670381
670420
670511
670521
670531
670581
670631
670651
670671
670721
670731
670751
670771
670811
670842
670892
670902
670921
671032
671052
671062
671072
671082
671101
671102
671121
671162
671252
671262
671272
671312
671322
671442
671582
671613
671613
671623
671633
671653
671723
671763
672004
672023
672023
672053
672134
672254
672273
672344
672414
672424
672474
672474
672485
672494
672504
672534
672544
672644
672705
672775
672785
672835
672925
672985
673015
673046
673085
673125
673135
673156
673166
673186
673186
673196
673206
673225
673226
673266
673356
673386
673436
673437
673466
673506
673516
673546
673556
673556
673626
673637
673646
673757
673777
673837
673857
673867
673947
673998
674007
674058
674238
674388
674528
674578
674698
674698
674868
674909
674949
674989
675159
675190
675219
675230
675300
675329
675359
675390
675430
675480
675490
675690
675710
675730
675760
675780
675800
675800
675881
675881
675930
676021
676311
676342
676382
676392
676431
676532
676562
676562
676602
676602
676732
676792
676823
676833
677043
677103
677143
677213
677223
677313
677333
677363
677394
677463
677484
677494
677524
677544
677594
677604
677754
677854
677885
677904
677925
677955
677964
678014
678024
678025
678045
678115
678155
678375
678385
678426
678435
678435
678525
678536
678566
678606
678616
678625
678675
678676
678726
678816
679016
679037
679057
679066
679076
679277
679297
679347
679347
679448
679458
679508
679708
679869
679878
679948
679969
680069
680148
680179
680199
680279
680279
680289
680339
680349
680359
680479
680489
680500
680610
680639
680720
680760
680800
680810
680830
680990
680991
681040
681101
681130
681130
681141
681181
681311
681311
681321
681381
681421
681471
681591
681632
681682
681682
681702
681802
681842
681842
681872
681882
681892
681952
682012
682123
682133
682192
682213
682222
682353
682363
682443
682643
682663
682784
682944
682974
683184
683204
683245
683334
683335
683345
683435
683475
683535
683635
683645
683715
683736
683796
683805
683846
683976
683996
684076
684097
684206
684337
684407
684477
684647
684667
684808
684808
684877
685118
685158
685188
685208
685228
685318
685379
685399
685438
685449
685468
685479
685569
685609
685639
685659
685659
685679
685769
685899
685920
685940
685970
685990
686019
686040
686100
686109
686120
686140
686150
686220
686260
686370
686411
686431
686651
686851
686932
686962
687012
687032
687042
687072
687152
687172
687222
687242
687242
687252
687262
687282
687282
687293
687382
687473
687512
687512
687593
687642
687653
687713
687723
687753
687823
687883
687933
688014
688034
688194
688214
688233
688264
688304
688354
688454
688464
688494
688564
688585
688634
688654
688655
688675
688685
688744
688775
688845
688925
688966
689146
689165
689185
689206
689236
689265
689386
689526
689537
689546
689556
689746
689787
689806
689948
689987
690048
690167
690177
690398
690438
690488
690538
690558
690579
690598
690608
690609
690659
690669
690699
690929
690959
691069
691099
691189
691200
691260
691290
691450
691490
691530
691570
691591
691831
691931
691991
692041
692171
692212
692252
692282
692492
692511
692623
692662
692693
692853
692872
692993
693033
693243
693263
693364
693453
693463
693544
693583
693594
693664
693684
693805
693954
693975
693975
694125
694215
694255
694266
694315
694325
694526
694585
694596
694696
694696
694716
694726
694736
694736
694756
694987
694997
695046
695097
695117
695117
695127
695187
695207
695237
695287
695538
695588
695909
695919
695989
696138
696209
696289
696299
696340
696359
696389
696410
696459
696519
696579
696670
696700
696750
696820
696900
696910
697031
697040
697091
697101
697190
697261
697351
697441
697742
697892
697983
698112
698133
698143
698213
698313
698323
698333
698373
698403
698483
698533
698834
698954
699215
699225
699225
699314
699324
699795
699826
699966
700046
700117
700256
700316
700367
700367
700497
700497
700557
700728
700848
700858
700898
700898
700918
700918
700978
701198
701198
701208
701318
701378
701469
701479
701489
701539
701559
701589
701589
701619
701619
701669
701760
701829
701839
701979
701979
702069
702090
702100
702180
702431
702491
702491
702601
702601
702631
702711
702771
702821
702831
702951
703212
703252
703262
703313
703372
703593
703643
703833
703843
704003
704024
704053
704103
704163
704354
704394
704585
704644
704645
704705
704714
704735
704835
704855
704886
704905
704985
705346
705346
705496
705587
705597
705807
705977
706028
706137
706158
706238
706278
706358
706388
706429
706539
706549
706689
706749
706929
707049
707560
707680
707821
708051
708071
708302
708342
708532
708562
708723
708782
708822
708843
709334
709414
709414
709443
709454
709724
709834
709865
709995
710065
710105
710416
710465
710716
710787
710826
711027
711177
711197
711558
711578
711828
712029
712039
712089
712109
712169
712178
712410
712519
712530
712770
712820
712940
712980
713020
713031
713090
713631
713862
714013
714042
714133
714533
714593
714704
714804
714834
714844
714884
715034
715035
715045
715295
715355
715395
715395
715715
715736
715776
715976
716126
716207
716447
716527
716547
716567
716738
716767
716938
717038
717389
717589
717589
717599
717629
717669
717880
717920
717940
717959
718070
718150
718180
718230
718240
718261
718370
718561
718601
718601
718701
718792
718822
718851
718851
718862
718911
718921
718992
719202
719213
719322
719453
719463
719492
719533
719613
719703
719733
719753
719823
719883
719954
720104
720154
720204
720404
720615
720615
720715
720715
720715
720836
720915
720916
720935
720986
721026
721075
721076
721216
721466
721587
721617
721827
721837
721998
722228
722238
722308
722328
722468
722579
722619
723239
723290
723420
723480
723500
723621
723830
723871
723921
724191
724251
724312
724362
724522
724632
724672
724813
724923
724943
724953
724973
724983
725063
725114
725314
725464
725834
726005
726025
726025
726055
726355
726376
726386
726476
726486
726506
726716
726866
726886
727097
727759
727928
728079
728089
728129
729221
729231
729301
729311
729361
729452
729602
729611
729662
729702
729923
729932
730052
730123
730203
730223
730353
730403
730654
730684
730774
731215
731325
731525
731595
731806
732016
732137
732477
732558
732627
732628
732748
732788
732807
732918
732958
733118
733199
733238
733640
733650
733960
733990
734100
734321
734330
734421
734811
734862
735263
735573
735924
735953
736114
736354
736846
736876
736945
737085
737366
737367
737377
737777
737798
737808
738158
738299
738538
738598
738739
738989
739470
739540
739640
739751
739911
740051
740452
740462
740933
741323
741504
741665
741835
741975
742155
742236
742516
742526
742616
743037
743558
743568
744520
744690
744761
745071
745932
746423
746523
746684
747335
748227
748286
748286
748287
748347
748458
748598
749018
749328
749749
750010
750291
750942
750982
751643
751713
751873
752855
753657
753727
753767
754338
754548
754648
754869
755210
755771
755931
755951
756422
756683
756782
756943
757114
757304
757454
758185
758185
758245
758406
759057
759488
759859
759959
759979
759989
760029
760350
760480
760720
760831
760871
760931
761161
761912
762152
762614
762644
763054
763415
764067
764317
764908
765419
766170
766241
767092
767573
767933
768214
768645
769096
769136
769237
769307
769827
770008
770188
770288
770438
771230
771961
772462
772583
773384
773404
773554
773735
774867
775879
776170
776610
777422
777522
777782
778344
778533
779014
779446
779515
779636
779766
779977
780106
781039
781720
782391
782552
783743
784485
784525
784545
784815
784946
785627
785637
785848
786288
786598
786639
788001
789724
790226
791167
792059
792079
792339
792580
794334
794915
795325
796287
797079
797149
797449
798431
798561
798842
800645
800746
800785
800936
801777
802058
802078
802158
802729
803250
804944
805314
805805
806025
806577
807027
807148
807418
807498
807518
808059
810554
812577
814211
815142
815954
818168
818178
820593
821775
822246
822616
823879
823969
823999
825632
826544
826604
826904
826964
829810
832235
832395
832425
832786
833197
833407
835331
835691
835842
838917
839529
839889
841272
841441
841963
842243
844378
846010
847633
847864
849397
849707
849768
850940
853535
861630
863083
865477
867110
870066
872300
875005
877961
880555
886867
888049
888401
890144
890294
892127
912515
918797
919248
934798
940478
941360
941710
967059
1001002
1051807
1056897
1111460
1232477
1255901
1328177
