1255901
1232477
1056897
1111460
1051807
940478
718370
600358
697892
818178
733199
694696
702821
730353
814211
613764
541228
554953
646235
582325
530768
597874
586863
492716
755931
652507
615547
672494
738538
648480
704985
636166
558090
643720
633531
679708
678385
661393
730774
544133
574601
525498
508686
577867
686120
534725
531459
508526
525468
518214
613133
591993
646545
706549
566905
673046
560854
524927
562959
622721
602583
653809
553270
521761
531068
640684
597653
652847
566095
668116
558680
529826
523695
524947
678625
522853
539774
649411
530708
584479
537611
545837
558410
579730
661864
538072
592273
537611
657527
650874
628081
533383
564501
531299
563599
618563
636898
708302
567567
545075
565743
543772
610939
603344
606189
717599
751643
596972
580902
569912
536198
598685
521611
595389
558480
528854
524296
572326
537821
540486
594057
651715
657827
618453
518384
606982
583066
580261
541738
512734
541599
675800
554442
519717
651535
524766
522342
503116
509758
532391
685468
535337
514327
624915
633491
506722
508577
505200
502795
657917
621208
570983
504458
597573
654410
576915
514387
615116
579930
572967
503928
648539
628882
568289
533132
635966
676823
664399
633521
576945
519968
619224
658207
661785
702711
598605
544844
515069
537130
622019
605418
512954
567868
711828
632730
613974
507804
512223
692872
499439
624985
502966
530076
502525
498497
503296
491724
498417
496003
525658
654331
748286
888401
602182
561235
601020
695909
576464
635174
595660
530838
558680
656273
606020
542259
713020
684206
797449
734811
561315
539194
553210
590069
678024
642127
665662
607472
644011
567887
625446
542270
506953
612151
621168
541648
531389
527552
562297
530077
530347
516741
671633
531369
575081
544214
518725
533413
543592
524587
542330
541919
612722
591722
628181
511201
578849
627309
523103
534555
565333
551506
601311
564020
687222
557408
572506
517603
550826
557107
673466
749328
558069
593596
702601
678675
611059
533714
533563
586653
665481
647577
538733
526971
532311
517994
559132
629924
509067
629403
673125
623582
557589
508997
661714
501523
722328
565804
504237
552438
510710
678606
531258
588256
721587
704905
668307
574891
553861
576293
562357
520399
574621
738299
661042
552949
644010
575933
645754
555384
556436
791167
589789
583467
554402
561376
540046
534555
729361
849768
666624
601160
577966
658128
663627
598024
674238
607312
548161
550515
521551
524456
514467
724191
646395
524256
622681
534906
506603
521621
506281
504147
489831
677313
694215
641816
603113
755771
605077
548872
544924
513055
531970
518705
757304
706028
555283
545295
649441
607442
568048
579169
652056
660962
613733
595049
538993
660351
619525
601281
734421
547470
576955
578558
591993
526360
565373
543312
506262
529936
501793
514888
546247
548311
545235
503226
519957
503105
519166
540816
535897
515279
536118
770288
536318
564261
573168
679448
613563
637338
575783
582104
557489
669900
629524
649942
634253
789724
591722
572837
584208
614906
611229
638560
538823
542981
794915
832235
695237
748458
779515
967059
792079
583106
585701
594999
550155
564541
641906
704886
721026
568960
526219
537149
540206
583547
760480
670892
559161
535557
526319
687713
565082
609746
636527
538242
558019
542941
535798
560012
519466
771961
532742
527071
620757
642548
563329
573098
584239
529736
586312
545305
556857
536920
546257
527872
526710
530818
781720
613764
620787
590239
627400
656845
730203
666544
667114
633531
694736
676431
652447
632930
715295
577997
560654
560443
616670
559231
646185
615678
544754
601241
669238
564472
699215
559942
823879
623272
569361
727928
566986
661473
639953
558180
517343
552959
659109
718822
607051
552318
549373
550795
541458
613042
561565
534194
618563
543973
545996
712530
640845
641927
573067
597904
659420
621369
624303
715395
640534
615968
659570
600028
577496
584619
649581
555364
541558
557048
586794
590671
528473
636406
669258
548211
548140
578548
636908
646465
675800
683334
606430
636998
628562
580752
635465
651635
606290
633191
679057
627260
559802
646976
720404
653368
599577
527441
661063
659290
533372
520819
686150
609346
597143
559492
592063
564251
568739
575552
726055
520509
650222
662235
618673
556817
505410
521962
543963
551176
533253
540355
509057
499138
503857
488138
555986
589137
689746
583948
529295
501794
537340
500722
649411
515279
501873
504849
499940
536499
670581
553501
514347
555014
590139
572006
545596
559322
546197
564682
557348
561626
539203
662476
552037
538713
595950
540676
570413
591993
595790
707560
562838
556857
734330
763415
625085
616980
683976
604657
587765
542660
517463
518324
503256
615286
579490
542390
647918
517433
547880
546127
523303
678566
619655
648219
523925
626658
766170
551607
517563
609516
508737
572286
639923
626227
621007
861630
719823
544443
540967
510570
643320
658388
693033
532922
582896
546467
657225
531900
631658
642378
660682
533282
577376
524836
569100
650934
630105
558219
521761
681181
603875
615998
596381
515980
670291
640985
598004
601971
597894
551146
575883
512123
553360
541558
637599
636747
503426
677043
575772
657446
532501
516030
537771
553200
543211
680289
695207
535036
562057
515078
584038
548091
655061
627250
564512
521089
651074
536609
568388
531008
654541
668207
698112
627389
642888
726716
704053
591151
598625
525839
575072
551076
591202
573529
517853
606310
630585
639593
523995
493978
557659
498067
648800
632108
510560
534254
514908
614395
679016
522562
660111
683475
517743
545075
669910
611520
632840
526850
565253
606661
534555
547038
510510
688675
536359
518084
516942
515319
666724
632590
712410
564381
521380
592524
537180
544294
680489
530888
529976
769096
560223
574580
560544
509678
606020
622901
527872
542290
511181
515569
519687
606791
540836
540215
662395
578438
583788
539985
595730
613984
512263
634413
551678
531639
633741
524717
619455
594908
521991
533373
500581
519477
525257
560353
542279
523244
534275
732628
586122
601991
594237
699225
590580
525458
566215
522673
700367
735924
677955
665501
586813
611270
524717
627369
800785
618092
675359
654541
559232
554533
549413
526500
553009
524626
525298
583798
664890
519928
622450
523534
521019
720204
582785
623663
591652
541358
565844
748227
586984
562297
593947
543162
595269
619024
596221
590611
589769
623622
579650
567096
603645
737798
553611
611459
577906
519948
666613
613614
528754
542139
533433
535176
535547
541378
643730
587675
541157
708342
567557
664609
586934
720836
609736
596722
546918
639783
708782
598706
647357
551457
655853
595309
546417
541108
674578
530608
634222
562888
580501
673226
518886
633471
527932
566555
573428
528483
525357
534585
533463
523955
527541
540906
611500
616369
637298
537741
677213
585271
549132
592174
759959
733990
649080
548060
552799
671032
649631
636878
769307
670921
599377
543412
538993
538672
733960
540275
586533
591001
529024
523394
515449
510550
531298
509568
513045
500300
732788
663588
536679
610798
518305
559622
551417
524827
635324
528794
527221
519006
540175
697441
685188
597353
623071
513365
532481
717959
661003
725314
646055
528012
608143
522272
553120
539244
708071
518475
559522
521961
629513
527652
533533
518334
623502
584990
631508
569861
694736
530448
568299
784545
592554
590920
550215
555194
524816
520669
549583
637117
676833
640434
538573
683345
678435
639502
545415
552218
669980
607552
530447
680279
671442
609856
551557
599838
575272
570894
567037
515138
532912
716938
654240
773554
683996
647798
652517
602683
717629
685920
611009
602253
666232
561877
563509
649762
844378
652396
689146
653869
675881
598315
576063
606129
543262
572286
627209
587605
714042
639162
603555
572657
586373
540366
528834
522101
527382
529095
589388
542009
529475
640685
555063
556286
579400
575752
669689
526109
559211
566565
556726
540246
516301
528474
675881
580561
511792
501503
689265
542900
540997
662075
652296
628662
655212
527512
606159
585491
605047
627209
687282
621298
722308
617601
534685
544343
544023
525818
652447
567617
650994
571404
516501
641356
542760
635344
552429
552579
512564
551877
626939
635324
582164
745071
562598
510430
623732
712519
540497
565664
555314
570572
572987
550325
664659
554963
580231
701669
628201
586612
602994
666974
635204
568920
628301
563149
653308
624734
719883
558821
521260
606030
533843
656535
555895
546818
648419
720154
691200
646295
643610
556626
562598
650683
584880
512483
638631
649140
549864
532852
700848
524687
652276
585050
618794
509317
630085
564271
545346
526159
531249
597794
578878
684407
528013
606360
671262
588757
514487
553180
581233
569801
677333
553040
605167
593576
570192
547530
529495
590360
601691
576915
662505
704644
576464
624314
558930
559181
738598
595610
601721
613504
641155
528654
670721
524105
529094
630515
580201
585030
521220
525037
629864
619445
571765
540607
517082
507133
504468
580301
516060
503126
565774
537030
634343
527462
572486
673637
687282
669438
528303
520789
565262
666443
547299
540426
653008
596051
645944
666002
645994
610047
579390
554854
635505
701619
661333
646675
551938
649080
670150
548892
557749
559461
573849
558280
660401
627760
538923
532020
515349
624575
556025
523915
588797
625125
617721
551457
680760
644742
613293
529566
571835
513315
524606
617200
685379
608644
606901
604687
527071
513716
510880
722619
554362
582555
529425
692853
593667
526229
643540
541989
539564
576614
571474
561035
595520
591742
596361
521751
687933
535927
667355
638109
534415
695538
529296
554042
670100
613503
550334
630164
532992
656444
612822
510680
519006
610758
615257
591452
614115
524096
648238
630686
562718
504930
651976
538692
511522
540126
565403
559923
576073
576183
607282
611079
515850
520619
517403
520359
659630
564571
589198
626969
805314
611509
629884
735953
644031
549994
568659
700256
531109
673166
604868
648730
624144
764908
685679
575933
550545
503056
516902
539575
576364
672023
562929
604797
514798
517253
542330
575362
608384
508596
644642
531038
510229
525277
564301
563098
663257
516371
509207
574080
537711
574591
686411
579620
534585
540175
599968
653008
574270
598825
527962
526369
504619
516772
647046
512313
509628
516832
768645
648259
524025
651525
517413
543071
684076
525347
633621
552549
602092
592954
643129
649741
527722
548472
534815
621799
513576
563339
517042
550014
615196
523213
631677
616388
584239
631066
502034
537972
627099
706539
748287
641997
664760
535186
649181
683535
681141
612611
578026
531840
553500
547570
531740
648920
561065
660561
557418
593906
598716
648329
524416
597333
669759
627169
702069
604536
558109
535597
572476
517924
632720
690177
618162
683335
650574
654200
585841
632038
532832
627209
629293
518676
666563
639382
643460
559632
528253
658538
625807
518625
714133
644532
549023
653017
515158
614465
577285
534484
687032
527572
518675
628973
653709
534906
518585
597644
618754
557718
533493
630144
626838
646455
545766
652156
579409
528334
567888
573639
525277
581483
582816
651605
623482
518835
606661
509969
523935
540467
504669
560063
565413
529465
519347
608343
721827
634022
638220
591071
516782
637068
531971
520559
815954
643560
565744
594367
649881
626418
559793
533924
654130
568098
528844
584178
616720
645494
690398
516250
523384
569500
641205
561015
606420
662886
623402
534245
605728
628441
835842
572687
612742
559913
591051
614175
582335
779766
714884
591582
684477
589418
601070
622220
650813
610057
687512
618994
533263
521871
650643
519617
536168
515630
653598
667485
532531
686220
565413
532001
630936
620646
562928
555565
540136
661383
749749
536899
665822
650182
542620
531649
646164
529967
564932
684808
616239
561576
602212
708822
750942
642017
672344
538383
555544
556166
559111
602633
565634
535227
564301
537521
663388
673186
517843
557849
619625
630636
529906
693594
539444
615177
528684
604336
690488
652436
526069
641296
642047
624254
651936
537150
567477
613874
560855
584539
544724
564742
658027
518585
542420
564432
549263
538403
756782
557908
589438
521280
615377
668958
823969
696519
579409
624634
666193
583147
627199
833407
592354
564612
566766
594789
573479
725063
729602
682222
580431
599247
576433
583467
568189
560444
600850
520990
527581
637067
557779
539294
532050
562388
572075
712029
612101
584679
564181
559602
639372
653188
681632
698313
664599
734862
637057
570623
605268
528884
571855
530236
524806
640725
509598
544474
527121
524756
554722
532401
587454
560604
573178
561346
629483
581594
524045
587014
637017
549172
645003
578227
656244
523454
527672
629023
521170
585250
648229
541288
578287
561606
729702
525387
564762
511852
651195
592284
639102
550936
514367
544734
503246
603715
694325
546588
562097
618032
536679
561566
711558
548982
531369
522002
544835
603104
646094
668477
540647
645093
535917
686651
608945
716207
710716
643450
631237
741504
645443
643049
594357
544243
543121
539605
618623
534665
552529
590280
555083
621018
568008
522943
515920
508105
516701
514578
563419
510870
507364
662155
588296
556777
550746
532441
643109
524045
550205
875005
688775
653659
595329
621819
605779
681040
610618
559461
569090
539384
531780
521871
651865
554322
578818
568740
579940
934798
1001002
826544
802058
890294
644832
541809
545215
535026
555584
657907
516030
509568
514747
502515
530577
521941
611630
505109
641276
532331
599598
577536
671052
738739
559001
544944
523915
630736
599878
513405
518134
524856
581182
584829
680199
534135
625697
609617
516782
632379
591101
549883
709334
554763
604727
685569
697031
527632
580221
677594
572667
591001
579630
721075
726476
673947
715045
653578
558630
518775
565854
532060
592284
540456
690048
639813
777782
612391
634313
584739
536238
586061
550454
683184
685659
661954
537851
580392
594988
523063
641196
665081
726886
596853
575212
681130
521120
506282
613353
521571
661844
671252
564491
697742
543492
507313
553992
514186
800936
529696
508375
515359
613343
521521
584258
526229
571284
512443
677754
548511
643349
552789
688845
576183
642938
609977
564922
614585
529205
659079
517002
514567
641436
513956
654731
545455
522042
517814
628822
502655
511532
524596
520098
751873
579059
666534
544424
620787
531619
543772
527371
703372
638300
658559
546106
565744
548802
559582
565062
523615
643230
747335
528123
636587
531660
525267
519236
612651
595680
756683
670811
634123
576374
580742
718150
715976
551717
638510
702951
673436
666453
681842
551477
520258
514367
659209
651534
549573
582916
581282
542751
640183
586733
546187
660372
609626
575041
652045
520439
594057
723420
603655
539945
526450
535367
524877
519397
580942
519787
659479
629243
544905
543502
565403
652988
683846
589639
537841
620567
520238
538863
623653
565202
545495
523164
634643
570873
704003
581133
606320
576984
630185
626818
544223
520018
524335
521470
528263
625686
515389
576594
610959
528002
527622
624555
530206
639502
513064
602142
508215
529435
514387
514928
509919
658819
585160
658448
639342
623873
582265
665611
642798
625707
729301
544033
510370
663758
731806
543201
645584
586532
703843
608484
635915
553891
780106
625065
551287
621258
634473
667876
610738
550955
518344
665871
530487
556185
620707
616510
705807
598876
587905
543382
569361
660812
579409
761161
664069
545947
620496
528273
616199
537321
676382
708843
627519
537340
550645
536368
672785
622530
542130
661674
590480
518425
609706
573558
619514
558069
690959
573438
626408
643210
584659
655392
570623
532731
622239
533963
716126
640585
577396
535126
519557
533533
598124
509968
522763
591362
630496
511512
665110
597714
517312
659269
526399
685449
672485
519537
573218
511322
517793
504809
620777
575773
608875
523224
615908
559251
651445
610859
515169
521841
524646
591652
665191
646836
651665
539935
536208
550475
546478
642067
541258
665651
664158
531609
548381
539154
533904
643079
562738
654972
568308
581062
577977
526199
535848
554393
548622
566344
681682
774867
633161
582505
582976
567026
537200
599187
551327
551577
568569
519326
606190
522954
653579
590710
654050
695287
632890
518414
576845
523124
522713
569089
629373
715034
557248
552469
561305
542900
603655
536920
537481
606289
541528
642628
552269
626598
617491
503116
521801
509598
788001
640364
601802
539404
604557
510851
653198
605328
530166
527943
548882
577075
623232
654781
654591
556787
633692
669098
643910
514918
596471
533964
665731
601841
642598
626979
550424
512223
556356
513014
704394
600569
509297
686109
510470
642648
543261
517052
552819
538642
553590
600068
621328
549403
522453
535317
701198
527612
521581
551406
522112
552248
696340
720935
568890
524657
526229
645653
585130
547760
631217
722579
541047
533794
556636
565073
611670
777422
658919
631186
608193
525649
652758
524686
620547
579459
520348
515539
663197
523303
574591
620737
518104
660301
615707
563099
624103
615818
653037
517513
516010
544283
518655
681381
627890
531990
526921
629493
534455
509568
515619
511502
509428
552770
618533
722238
678616
548781
578938
635615
520038
655473
661914
650252
589759
586283
565804
610748
536178
560083
566305
579319
615928
588998
529726
524716
623342
618914
550305
577907
701489
525198
629464
527872
622821
580180
651184
673857
538132
529134
541448
670381
524546
605388
539274
587705
581884
515189
618002
639682
566335
568298
557117
585531
512433
555454
577656
520078
632408
519306
545486
535527
537070
555885
560123
546066
526320
604347
527772
506001
624575
507384
561225
545606
601581
700557
612632
569821
571084
555174
571404
580802
517172
684337
529535
572206
512473
507424
623622
644742
628572
599858
536459
515569
531489
522322
667816
546107
541468
720615
568689
576884
568088
587735
551948
632990
668326
723239
641596
571885
610217
536809
573749
715776
558610
620897
622761
639432
683805
558100
527963
666353
641015
666393
613323
526350
579900
572406
551648
590270
538201
597303
591342
641536
705496
669028
557969
609185
578528
634914
652667
541107
628432
575252
528132
550165
518795
678115
567787
542340
603415
564902
589287
616630
510600
531289
529145
517463
521210
508456
526380
506692
620367
662436
514257
576203
673626
528454
586262
719453
523043
574069
552368
611460
527952
614456
754338
709865
880555
732137
637919
594728
539524
702631
572346
641817
645574
583066
677484
590270
578948
653549
601390
532662
617070
570453
531469
666643
549243
576193
541649
647618
682663
574800
634863
559823
667675
541058
590701
646656
567778
567537
655823
641486
582546
590641
558550
517774
680830
559301
560524
547249
542410
590160
562177
515278
521791
646656
514177
521300
514778
647978
643310
626227
651935
540947
649921
541347
648649
526931
523955
677223
514918
573799
610978
553711
520148
549223
506763
555224
622691
565534
543582
642929
598756
522342
536078
623873
543892
630065
538683
567637
652957
543552
616279
576915
561806
584749
644783
644852
590860
669949
664219
609296
639763
624364
568539
542610
558901
872300
625546
592764
679277
550005
544042
696209
545004
712820
681802
646525
574701
611890
569681
534825
510440
629183
683645
528102
566645
712178
571845
576865
567286
653088
679948
674949
536429
583517
559852
584108
694315
661984
606720
675300
599837
640124
658148
598084
531179
569100
516942
570062
511933
530116
669418
525188
581503
514989
541168
560243
578778
519998
514186
595760
651756
656394
643259
532501
520469
626618
600249
599247
528423
527833
523534
589258
539164
606530
512173
724983
521931
521861
508086
560755
540196
577175
541958
509518
662205
550946
654490
557979
515500
614966
500390
513616
710465
557178
512013
507925
610237
530647
521981
566696
539465
583457
577346
673225
588677
524296
618684
737808
744690
652958
609606
559642
545786
558470
546938
850940
615838
605678
554102
523504
512073
574079
511822
613463
561806
548842
777522
614886
582194
543913
534265
672053
659931
640615
570773
568489
644552
575923
539064
550616
625816
579670
673546
675730
548030
573698
537982
644692
546247
541218
604417
543051
519266
686431
524355
590250
575432
515559
628852
661143
522662
517943
529566
571514
566065
522813
547148
518525
582665
566265
602453
528373
549683
523865
512624
589589
630686
649210
547860
535708
720715
540606
518305
516571
509428
513505
739640
547048
653850
612091
535507
647567
540275
558940
564251
566405
535517
537450
533974
552989
605779
625076
646094
616388
575031
502064
639893
634753
534064
682192
583858
661734
636516
614876
614205
548551
538783
613253
553030
559802
551056
586804
585751
570793
658127
577305
548812
542540
526189
723830
595990
559812
615126
571835
565303
659229
569471
532552
526119
569310
611920
701589
643970
568670
542180
690579
767573
636897
546939
546187
612412
553019
692511
630796
573959
567367
623652
631076
566135
619044
549353
541017
650533
575722
543381
596451
625827
531770
591341
521681
534004
643900
662115
551837
561486
618342
676732
621799
650824
740452
545565
557769
587976
549242
531470
550645
540095
529826
575141
565593
532852
555745
525829
630225
599046
504619
519587
648089
505621
584710
508346
585371
624293
637268
636226
581664
509137
528584
513174
518886
638921
508766
514458
553721
701829
636296
537992
620867
542600
597944
551857
547560
534545
523374
540837
606139
612571
546658
528964
693453
547329
628742
592765
567256
634282
511461
546778
527652
529406
664439
691260
648489
635334
585631
592064
802078
634252
663788
529996
530517
586233
628952
502715
508195
498377
650383
526711
700117
660471
701979
505109
550134
499329
503817
614726
507965
535867
502615
509448
496092
658979
560804
517593
624043
533553
650604
609707
574891
674868
618243
506492
544483
502655
499679
532721
561786
729452
525228
663007
507815
516251
529205
514266
527842
744520
512313
637429
600439
506172
526469
519547
630926
508025
589940
640735
548842
543181
651826
650373
631498
624053
547249
535086
588676
618192
512042
518415
509538
511391
543582
689165
655953
549634
651494
620967
545025
534365
594057
544554
634252
602553
544734
589228
655082
641256
581784
539725
641907
581203
682123
612462
549623
546227
621368
522903
749018
580271
556656
715035
849397
629804
569390
568399
545014
632018
558981
522813
527211
500000
671723
510670
512654
579560
677544
532191
661304
521791
577456
604125
634753
521170
551587
687293
562047
559422
611659
692282
568559
571454
505680
701979
552478
517854
526089
506132
506102
500812
818168
552578
562047
569901
653359
518014
520489
542380
524647
505591
641637
613102
518565
599908
520479
568259
585661
512463
525308
639002
530177
514497
528584
557899
511332
590420
522382
520689
647948
654630
581423
514107
510680
598245
524476
605288
673206
564662
587454
532341
522752
537120
639533
618292
543231
681952
624725
518324
630105
531289
636217
683245
698333
549544
530448
646626
538753
607882
558079
567637
553170
704354
625606
779977
562047
595329
531509
565213
584219
537911
645834
661574
609225
687262
709443
610067
558941
554523
523224
523354
690438
519617
530568
531539
511932
642478
595048
557648
543421
543762
529806
612341
635365
545445
546207
526089
573748
519035
572056
515709
662977
544975
519827
525007
645383
621639
557468
650854
647367
611249
551607
606951
555184
520980
650503
796287
518865
521520
518906
573288
662105
516271
614876
553190
563890
598615
538974
580110
566034
518165
617992
518305
634683
557738
529976
534024
521480
523084
532281
518916
592755
515409
683435
576173
605759
533694
511251
532722
514597
527762
530197
666583
688464
546647
595489
583487
537690
596792
516331
665391
602603
700367
687152
721216
563139
539444
523794
571655
660441
626808
656975
641055
562969
520749
672134
559542
609446
582425
573238
718862
688454
549513
541418
537881
764317
675430
603985
652577
582536
548852
695187
548171
560164
614715
536448
585741
544734
509548
522743
626718
502194
572807
632098
628702
536799
526560
516881
496363
575502
639453
671613
598354
556716
600660
525247
505711
509287
504959
598816
532430
659960
523614
508666
519426
504178
506792
507564
516922
521811
605598
532762
514317
520007
505310
556586
504358
525598
508836
757454
539574
515579
519387
521521
506632
548552
512604
616519
699314
613783
549423
538452
572326
515038
530187
680610
551948
600719
534495
524055
520569
555885
589578
565984
627049
541598
535907
542800
537741
624605
613042
693684
599076
676342
593656
550125
566936
802158
581093
608584
569210
699225
731595
586592
582375
566615
576734
617261
712980
572646
646816
607532
584198
624043
576374
582875
639362
534695
682363
541338
542440
553230
508366
524065
651785
534735
841272
573648
529265
566444
540957
540045
518935
513956
526490
599717
759989
632779
631327
714844
627250
531549
537631
549814
526350
680500
630566
578377
518014
615297
520258
506442
526490
498768
520578
527462
600729
519427
515429
549733
499950
527312
690609
587174
546718
534996
608694
522833
566195
581624
621128
536729
628541
532631
527562
650593
632830
543031
527251
543191
665001
514918
567417
560343
575842
543041
523294
518625
513856
514738
686962
526450
808059
580141
567256
526309
580782
641376
663979
578538
568629
519977
620307
581473
552058
695046
596491
612582
561125
534024
548361
552569
656865
641677
618122
667354
659339
554763
520609
580852
575643
745932
659621
673135
582826
623723
590199
585230
739540
515960
536649
528113
661143
712770
731325
645073
692662
684647
773404
779446
649091
700858
628732
636646
570172
534726
560644
870066
577526
560253
549904
550475
533243
534074
557849
684667
574910
602112
545446
532922
574881
531339
540376
825632
658498
678375
620737
644963
626087
718851
621168
575692
662005
580382
524697
645824
707049
655623
651464
731215
625255
588877
557087
524767
556536
533333
601391
538122
595840
601351
560674
572787
612101
631518
590390
601651
604367
688034
603404
529075
595329
617831
620927
599487
606810
800645
877961
689526
678426
659851
611290
573318
618663
653619
691490
602472
612110
651274
730654
642388
754548
635315
800746
651454
606992
647187
582405
654401
554302
547389
588196
550635
588556
602613
590250
548451
583157
613643
636818
539946
536529
531449
550866
538974
562657
569651
521240
552489
572687
652997
670230
626919
594528
634833
545876
571685
572777
586031
556386
545205
558490
654490
666714
574009
530367
593015
611098
548641
581123
784525
717669
609526
603915
620196
561536
668026
572105
623702
661223
670671
618072
610948
637228
641526
616349
541678
589258
557719
538182
534885
572537
736945
593666
626629
610498
886867
687242
605489
538783
571795
516290
591723
728089
797079
767092
669479
670420
577797
701479
641786
688585
579420
625155
601571
657776
607122
615837
602282
616599
677463
650523
634032
553420
686019
576725
721998
594348
534826
536439
525949
631497
505881
516942
545916
671613
723480
561165
695127
528424
708723
570132
516421
539474
646636
645684
665722
611640
544904
599166
629964
568228
680279
634042
504178
509828
649511
584820
515950
564741
509628
806577
569541
520659
606109
513706
531799
665782
508647
534555
670531
645023
638611
533543
543883
628562
511241
518325
517303
549683
571865
672023
523545
517143
519738
508626
664850
626198
637438
552870
647307
522562
513024
502905
561025
606941
700316
518595
548491
688654
598806
574250
534675
608243
600600
718240
644962
542209
630976
513976
511031
500871
502394
561085
729231
557488
525027
562196
598004
645834
681872
523454
584499
645374
577596
580291
661073
551637
553200
613804
538462
685609
580160
564831
701839
603204
570533
606801
792580
577135
591572
548090
629313
537530
519557
566625
521130
529907
696900
537831
571906
513806
629253
520037
514146
704735
574079
588938
528974
640144
658959
565965
531249
636947
637980
584799
622741
586333
608033
587514
523224
625066
535066
541678
544273
629072
610898
523875
506222
650633
512083
614445
542961
544493
536278
507645
506923
499599
507054
497776
512613
501733
511271
619084
644451
575772
524025
622149
648399
543612
588596
759488
527482
537912
554352
662866
617401
529946
561696
804944
626127
630946
655833
540757
632018
549954
646966
537080
752855
631237
568318
547059
696670
576003
530658
639031
639933
569661
552529
557739
539314
516471
648970
621909
524005
555545
593776
822616
578738
555605
519707
622951
613574
583717
604517
520468
609235
521049
563440
691831
532702
596331
585020
640804
593546
516661
625926
622270
522241
644883
684808
544955
550545
532320
563689
754869
694596
544103
585080
708051
565643
536769
523725
738158
507414
559461
678816
526881
592324
556536
637599
555795
534565
554472
560033
516310
521861
517844
769136
673085
606881
577726
549393
510159
506553
518144
654962
503987
679037
638871
516140
522833
525969
499619
534034
537180
567777
610297
540066
640023
589418
658778
584329
545967
555073
530748
516381
545566
561596
631246
546698
656314
624845
552949
587845
529025
564441
573709
576223
630014
553821
524967
526039
655242
561997
549843
526119
519877
782391
635455
590029
544573
701559
665020
539604
689546
668467
566776
572196
563720
630365
541768
551477
603204
544594
677904
586713
553300
577355
669239
743568
539404
592945
519326
632038
535597
518615
510871
624604
713631
547058
538102
546698
523094
529446
514517
521410
633832
515720
525889
545405
564872
589368
627730
733640
562919
536248
529666
562437
524346
561966
776610
564822
510089
516301
512183
596502
798431
657646
533904
602022
540025
760029
629173
733118
662415
592644
638120
543372
622290
609235
655803
672504
622681
518675
640805
658739
685118
609877
644912
557898
628011
517363
542190
580742
605027
597854
533303
658708
513585
616359
548621
513545
650483
519507
703212
533463
538121
625786
660472
544413
736354
726376
563650
689537
597504
552559
531610
563349
633702
812577
736114
621769
583306
660151
537741
741975
832786
657375
613443
561866
526499
557147
539624
559743
716767
696359
638159
595369
568128
614986
592594
594037
606320
656304
580953
545856
586864
519677
520308
603584
805805
648399
646455
602392
567878
551797
544213
536579
520950
599748
671062
609135
571735
519075
698834
537941
636636
551617
679969
672474
618773
670200
609065
619845
649661
552759
564050
528433
619665
653930
512574
645324
513004
608515
632640
543622
611740
552168
571624
618092
544644
556856
582586
543501
659279
637018
539754
659670
698323
567246
639943
731525
620516
941710
598766
569501
545286
586954
546657
558861
653909
574670
548281
601852
665702
594617
551477
630826
670180
652357
653228
580110
709414
697261
606891
574049
622440
591602
517994
653619
537179
587664
638000
593526
687823
529365
596251
533533
509448
532251
530257
608875
626909
603164
622170
579279
526500
622550
533643
635275
570472
696910
557048
660982
549533
564502
619435
556186
534905
596041
607542
743558
553280
603845
598104
570141
542921
536599
610358
687012
596842
688925
529235
556697
581143
513154
592224
652236
549343
567297
638410
623091
665541
516371
548892
674528
609014
632168
559943
542219
790226
695097
512904
560724
626248
532010
523805
584229
562367
533603
584469
650473
569821
551016
742616
552008
575792
507855
507945
492656
511412
498026
585952
839889
569811
520479
765419
724362
641967
605098
600008
688264
584669
538232
552870
625286
518064
681892
583587
635164
637529
574540
571455
660091
542961
521912
553301
594548
690699
637449
564622
630605
508596
504599
502565
556376
519446
497595
525939
499800
529786
497245
516912
604256
496444
556436
521270
509898
555795
526139
521681
579329
616389
660302
633982
571845
512574
531079
505771
507023
506131
519997
508085
633030
580051
530187
524566
506202
531469
506292
543893
533443
628322
649862
549323
534364
570803
540857
603234
547840
527151
649901
545375
633792
578056
562508
534796
514978
526651
527572
572316
580231
552168
605769
543472
579569
522162
569350
637047
823999
537120
558159
568669
606821
572366
556867
567878
567457
585530
558570
519076
636857
550725
539043
570402
687753
613553
714013
698133
571785
725464
687512
596501
792339
618182
636677
613985
619024
578818
847633
615407
892127
625416
697091
726486
699795
758406
602142
565744
567226
624084
595069
527732
551146
523864
534755
606481
547399
706137
574791
539645
636115
634523
718921
673837
628552
618873
547790
605879
659931
674388
570944
607953
614014
640515
587775
559191
520979
593145
616609
622751
594198
546156
594197
539614
511632
513115
649982
661574
545376
669960
687042
606691
540527
529416
512954
526921
523424
512193
504359
549493
523935
550545
669940
512634
556186
624544
595039
514257
550956
526931
592915
501573
586883
544273
510460
557909
570513
606981
559372
554843
511862
554252
692171
621278
639963
842243
617581
546999
564191
557147
532822
588817
519367
524426
590821
785637
571925
551597
600459
626578
576244
571504
536970
580671
556336
637308
742236
586873
566906
531799
611219
710787
732477
616789
580672
592163
577316
642728
518184
527452
568999
517833
511171
499308
497785
507454
520048
509268
495822
673356
505610
512824
509007
615417
624795
515589
522442
539815
640745
520750
556827
522132
576805
616579
551968
571284
524546
612762
513715
626969
604587
635745
563019
525428
597262
534134
582946
655643
506973
548261
614275
586834
608574
634643
755951
624965
521050
613494
578207
626718
643670
519907
540366
687172
599167
671322
513836
629584
517603
501242
554021
653279
537140
552519
654451
548341
568690
539865
720916
586132
665902
546307
593406
640474
645504
547570
607011
652126
602944
612050
659821
547700
663498
636166
724632
665080
626228
531729
603044
535607
544073
541288
539505
571976
701589
558330
546507
634392
689185
541117
520008
673867
559963
535307
590500
635835
542820
630856
532451
564632
623663
518485
610248
516952
699966
655713
607382
662336
518415
523945
560634
559382
516822
492496
530007
500571
506312
658328
646716
613142
609917
501853
536969
514808
508065
492405
635344
505350
556145
659941
568930
572056
530547
677363
597413
600810
520539
547520
620606
525678
533694
623553
561225
526430
583177
511321
520949
510990
510660
529656
513215
539684
505280
504157
619866
506913
639312
528333
719954
509378
620837
512824
508646
508195
515589
656273
700497
625787
536068
512473
704714
581583
515800
521651
549984
518384
496824
528243
801777
528945
570783
526019
661764
718911
628993
645694
535657
530377
549473
562347
577355
632349
673186
569120
547059
563750
589538
651174
560404
638100
656324
567096
557508
527552
525298
510590
523033
704024
650012
517052
531019
504839
529095
631146
561415
549223
517944
506382
529085
548601
576695
623603
598334
560613
576764
505140
621298
573629
622701
526559
527562
663948
553560
563279
604566
520800
517423
530868
523685
539344
508527
508596
515609
509258
504869
515279
521911
500360
540286
664650
726355
577385
513756
558049
499038
502825
492446
503226
489810
660662
516682
523084
523314
580702
548691
548161
516631
563940
505881
583046
533583
533743
543693
556546
595840
524897
890144
576043
562087
600389
587855
561105
546707
585009
633852
573248
696389
543763
630595
599427
559432
552178
537090
537240
542510
807518
643129
589829
651735
683736
532511
515759
529376
535617
598595
826604
588907
636617
649811
556707
565813
517432
624074
674007
537190
735573
640855
566916
563430
637879
544584
556656
567878
640264
760871
524436
659861
665812
521410
684877
606620
523845
723921
646595
639893
675390
562267
650333
523424
520278
651034
720715
516712
685899
637228
623832
630466
761912
551176
544834
588797
517403
606630
529054
590420
571525
664689
622250
554633
527141
581363
512404
623943
649351
546117
547208
543482
694997
661333
523003
599728
564742
718561
597584
533884
535838
635565
508576
543031
531159
700728
570513
659791
581914
590260
548972
549213
531158
692212
560854
538262
599908
578478
581073
580111
549483
714593
591081
530086
557478
863083
641276
606189
634553
595760
539665
605859
589358
720104
605348
576554
556165
556736
673437
735263
665942
563520
542250
514447
520979
502414
672273
570372
648289
632559
527602
514557
584699
516932
562528
560003
525167
687593
631898
550545
577065
569521
585731
554973
503617
560544
531459
694716
579159
524005
693263
526620
604747
601191
528964
569390
513676
528864
512704
541518
532481
537831
550075
511301
642978
517884
518415
691530
692252
593055
562427
638421
562137
688744
640694
604636
608534
577896
596582
640013
704835
686040
549353
615858
668126
564882
549463
503527
625576
693664
689386
604867
550615
562187
570973
564972
650393
545786
650864
643951
536078
553741
651896
625556
566505
517864
576814
586352
567778
559421
675690
623191
681702
554222
702100
835331
867110
676532
591512
653369
638049
539484
621008
552138
688685
700046
666713
522923
518004
503827
518495
701318
631538
521160
506643
506752
502475
523324
498126
509628
678676
534145
611559
538202
612150
684097
570172
602753
649662
571775
552629
533753
559923
535206
524146
729221
650033
676392
729932
541959
541348
549824
546307
547109
520568
556126
718601
726866
559051
693364
518946
652507
535677
616580
683635
524015
500982
615317
519396
506472
629423
580722
615347
706929
586543
617821
516781
525708
500191
527371
513966
515429
548782
514908
742526
496844
597523
719733
525348
540075
525809
606831
537631
592735
523465
514266
697351
654310
528062
595980
558340
540666
636466
718851
567517
575512
548071
667224
688233
685990
667465
762614
661323
579870
583327
599387
589168
606029
660822
643510
670731
556326
527101
688564
536719
532722
568558
573007
660512
568269
545215
620596
547189
633872
653970
574991
645794
626778
524245
657656
673757
571043
678025
607181
594838
574631
514828
543722
645995
647999
655623
567707
525167
654711
626899
542389
559652
642337
648049
555244
529055
510379
508266
643270
505771
647207
549143
509307
563389
507324
523304
550655
531970
565183
507234
560854
679458
634082
565303
526410
652637
563188
616529
557017
625606
544915
529836
592634
633992
560053
638290
601461
557929
604386
640053
637408
548501
716447
575432
534175
516191
551176
523875
535346
626197
581312
654851
580441
639322
798842
612321
690929
593756
611781
544043
693805
599688
599687
574110
602142
530317
598556
531068
608554
650253
592775
566906
807148
589148
538201
575122
524336
541098
644051
517052
546427
579680
559973
563589
673386
659310
555344
544894
682012
576394
628181
701208
608614
611159
571785
522803
537240
550034
641426
650273
537571
523224
514677
608634
529275
624273
625536
702180
562036
570744
580030
525919
678525
514257
640314
550295
510690
608293
645333
513967
606580
524326
575933
642458
644903
624104
585872
508256
503246
632038
519537
507384
620707
521130
515609
515559
555033
595389
584208
559732
506613
670511
511582
606621
511291
506623
510479
543632
507754
503437
617040
530768
633431
658227
655222
595419
533633
585781
526590
529105
629623
528183
633110
576534
565253
542320
567687
829810
634473
549272
838917
655282
646626
730223
567557
548691
615487
556065
557749
599557
561215
606820
617320
741323
555474
549373
526179
690598
545145
549092
604447
525668
671102
589639
639853
529706
519287
545175
671312
540917
600028
563430
535307
590831
646355
529456
519858
536529
502024
505681
613564
514237
596522
504699
638390
557488
510730
545325
532661
576725
513325
523685
592915
513115
621769
527712
543832
550034
762152
656564
578498
561536
594016
526189
548772
522212
622641
663988
608594
527482
517422
656725
536268
666113
605629
586914
546698
557639
524115
645964
606861
548972
550344
597172
644532
640655
688354
630415
549232
554122
517393
574430
592263
565463
606069
551346
542851
633861
524265
725834
595239
628472
628282
732558
585982
610378
537250
530357
594007
527251
546888
589228
572797
575552
576564
590440
551847
569941
549763
649000
632358
517703
632710
589899
645594
626037
640824
509999
549774
510159
624123
543993
538052
648138
512434
754648
543352
505731
558761
541619
560494
528644
531740
669018
748598
515108
546778
622160
512394
538743
516671
503206
608064
685438
606140
514477
681130
519136
592925
605097
623051
756943
650032
584970
528994
603565
502325
508697
503006
561736
540686
534434
645404
511562
633491
528153
524426
631047
537641
608865
514327
658738
647147
648199
611269
602432
535226
689787
519647
512353
509117
644231
628752
506843
549653
693544
681101
556406
666132
509037
559491
562578
519426
652407
530217
542790
534756
694987
549944
613283
587524
685228
556696
542250
529616
715355
769237
688494
574430
759057
703643
646926
630856
706749
586352
681842
579570
554884
532712
589368
509698
631707
521912
517943
513956
499930
596712
506823
565012
512032
525268
516521
504569
510460
508636
572857
509037
534004
620707
549994
631708
541849
585761
525358
536509
529085
547600
650673
660762
533563
666152
602753
723290
677103
648549
610718
679878
642899
625836
616259
545385
529816
553391
510389
631477
558620
537641
539043
689806
572737
534194
562839
651976
513214
579499
536057
566415
553280
521381
525669
513545
531519
504659
510099
508756
645283
584499
508606
531880
644792
662656
589789
547109
551217
552820
539745
552579
544834
631067
602523
535648
535417
518144
519657
710065
616809
762644
591081
564732
623953
562688
554171
530657
664730
1328177
756422
701539
753727
612532
544093
602392
536899
557818
661533
583487
718701
588256
568539
560774
526440
515449
529546
540636
630996
524175
513485
509949
496994
565362
633381
669088
717589
615958
611209
569541
526770
602022
581814
574400
560033
564992
630445
529345
680990
545486
530547
543511
664910
564351
653629
676602
533413
535216
515509
605518
540446
525388
607973
527703
637739
545656
526970
590751
615797
579079
632218
551547
548061
614015
548882
506152
505080
584099
621288
733650
589278
517563
592955
500130
601150
582786
663378
680349
692041
593837
591192
600830
585942
573257
546668
595259
575592
531349
680179
578217
660582
597423
576463
578788
640194
550395
584669
572867
579409
694696
609276
548902
549052
759859
753657
619334
712109
560654
573488
569211
609115
740462
717920
713090
919248
599858
596251
562938
661073
574240
566685
596772
784815
535476
540365
526841
658418
673196
616550
529015
521481
627700
528955
629864
532942
566595
523525
530077
691189
606520
576925
541758
583346
596832
539124
667465
518936
596261
667304
509257
616048
726025
594237
567327
551657
599548
629303
523995
568248
639242
596832
665982
536819
522602
529866
599718
627280
568358
561676
569741
575872
588316
644251
568639
582966
516151
579129
559121
549433
579820
532191
600348
627570
543862
529245
512914
583066
532350
626918
600779
588967
641476
623011
546979
622881
553611
629413
633261
536920
515079
567958
695117
675230
590931
770438
624634
659300
841441
786639
649101
629674
570592
766241
729311
760720
714804
575823
652898
676562
639523
644932
556086
535557
578457
517323
551888
670902
591342
529776
527682
528814
518946
511222
518335
615347
518044
508506
554542
527672
521100
629994
533022
611500
558681
562187
643570
584129
639332
662675
644401
594978
654871
550165
533693
550966
538332
537430
637599
651485
587123
544774
639092
772583
606601
554733
521540
533634
520959
524817
652807
557037
655373
553000
557408
553811
775879
592765
649221
692492
629524
622240
528223
653770
687072
652376
504509
540927
607472
558541
527682
578357
622881
537801
537901
627179
556466
706689
528915
531279
598986
508937
527182
623603
638941
643339
723871
544664
646105
538833
687382
675760
522783
630806
695989
594027
675930
600249
524806
690538
529065
579059
713031
706429
615747
582976
631728
695919
746523
696750
652897
535136
551537
516341
549283
512884
738989
608765
534785
531389
525588
553541
687252
546748
545386
552128
599858
644722
564732
638320
584468
517312
586443
515499
666253
603955
559572
646115
545416
541748
649832
613203
651715
561676
669769
644302
576885
542089
522602
798561
588897
673266
534535
702491
527703
680720
534766
569631
597724
520097
522102
513335
583427
586172
691591
585942
518134
553952
558139
534615
580572
627570
543742
511292
632109
519246
513726
740933
605338
533874
696459
633050
623272
655402
516201
551857
737366
629383
632319
579400
523494
672474
639873
518525
578528
589558
832425
705587
606700
540807
572456
617451
538823
561816
627901
577326
513786
578898
530096
596872
597653
655022
547990
570552
532260
585490
524075
588436
606610
597333
527612
542090
522522
533323
537901
556156
570343
680810
522812
596191
632699
642858
518204
655432
593186
599397
661042
558300
530678
695588
537340
537290
522823
508496
591031
644521
571525
509648
649891
529756
619365
529466
509678
649050
600488
605078
686260
580010
607863
622451
569891
507373
648670
505580
595770
629664
513024
599387
598285
560654
636647
590360
635074
510099
647438
539775
526500
644462
560784
614335
636386
516842
597303
514317
542129
604196
529455
655602
599116
509698
555074
673015
518195
619505
540065
634052
617390
653218
660582
621568
645043
652937
627069
552539
612201
585000
580081
566304
607822
561015
625366
636306
598195
557638
560313
566926
578868
770188
687883
579079
585691
631727
561166
621508
610929
587675
528824
642959
623603
618202
559422
576735
569611
567106
590160
527381
523003
519476
555675
591763
631959
590841
630215
534996
569681
703252
516652
548822
652297
521410
703833
619335
651515
593546
515870
544213
556336
651264
609596
569801
614165
603525
668827
639412
628311
525238
776170
659079
630996
696579
614385
552900
528554
556296
589088
655301
615597
552108
580932
690167
594497
539665
512233
537150
643039
607513
660792
619214
632319
536368
527772
540606
503396
662134
623051
533333
603164
524106
645533
618613
516260
514106
638991
523013
534755
555504
661865
619355
518215
682353
658057
540526
514417
531369
536539
646585
543923
535206
516020
634293
535127
605980
553822
547359
663998
629513
539004
566145
590560
701198
674698
671623
582034
547089
615177
592484
675219
546648
550816
514527
649722
519657
655112
583216
679869
560534
634873
589589
666603
565954
522683
602162
621919
521730
516631
685970
644692
656975
514397
645844
525137
807027
562728
528884
632479
586753
648570
719753
592203
562538
627379
518284
540686
571254
513465
533072
562417
585521
612281
533373
596912
534856
569441
527241
625396
661354
615257
614495
652456
639563
624264
513345
685479
640034
627389
631537
494410
614435
607622
688304
688655
512955
553080
532662
663318
613744
558339
590130
591582
626568
545044
533042
773735
589248
530427
554292
613684
593546
633471
638431
865477
572006
554473
548922
533804
547950
562067
631648
580832
730052
711177
641255
722228
592053
554623
536679
760350
576914
593275
539785
514077
514327
710416
499289
612802
531148
528694
501694
521501
508226
511853
513495
617561
509508
494079
512303
516631
587144
657145
524225
630335
531069
528714
563189
573208
576483
746423
625787
656414
540746
647617
601861
646164
645043
698403
661253
562848
658778
702090
542209
702491
655302
537791
664459
693243
546137
723500
619515
674989
641716
623101
516100
572276
512303
520609
590160
562026
541188
509408
525899
506291
529516
687653
543372
534815
525648
621329
709834
521441
547540
550134
532291
614395
524206
691099
617241
524987
534906
598826
673506
607061
641176
561426
578327
555594
640624
663217
570963
569009
585591
635124
659059
557208
563279
610878
532922
638080
652287
832395
644532
623943
560835
607211
600289
621689
547399
520689
551366
594267
529426
618473
550655
530888
586132
529295
670651
676562
671272
629633
567156
540737
721466
593756
538002
562498
507965
528704
507875
697983
520579
652557
603966
717038
737777
579830
608083
538703
618193
517633
649140
660963
527762
548290
565744
541308
663909
647347
541157
592704
544163
579650
571555
537009
570894
528153
550004
518986
535076
632980
541128
530477
513705
531028
727097
555895
632620
647958
604987
647558
666623
561185
537862
519126
530358
571745
525037
650142
550225
618133
630906
532531
509729
502585
760831
525307
582165
641747
555714
544924
554272
636116
594027
590480
573769
532311
536869
539755
546838
680800
686370
595209
556917
565503
617050
778344
558590
662415
704645
712039
574750
567677
646606
536939
531639
668076
568409
646807
528563
536859
525388
541568
664749
513966
616319
565232
632449
718180
566395
544944
560674
523765
732748
545426
530547
658338
554933
556877
623011
551728
581373
522122
578858
569841
523004
614745
525067
667495
623352
528955
605679
641637
635074
821775
669739
639442
509147
657817
531520
566155
535106
530447
526380
661393
626057
561776
517633
675780
524586
698213
597153
718792
604907
630014
630255
519266
531229
598365
529907
535446
588807
525508
510340
520369
644902
648409
538221
587735
574350
666914
554152
601401
537000
581373
542580
555685
619164
718261
770008
656294
538523
704163
700918
572216
589569
556796
806025
586543
734321
716567
593185
593817
700497
657646
635234
651926
742516
564731
600780
508566
515158
682443
580471
750982
560654
520268
539504
513776
538523
522933
729923
543152
504649
524186
632669
532952
563690
533483
634012
582075
538943
690669
550585
627469
524315
518414
698483
629253
660512
545766
527932
521120
583036
599548
568329
515930
583827
515229
516722
540165
496353
608243
519186
515750
616018
593396
522251
515599
584990
522863
537281
619154
575031
667835
610938
573218
593656
551828
578859
558440
547850
677494
517283
606861
587785
525759
565533
846010
525458
509798
503477
662946
681471
569410
638921
530928
508366
658247
609926
535978
610769
839529
627720
668106
595239
562568
650794
785627
631778
587104
601040
543322
578448
518295
537070
518134
534875
644081
543241
663237
538462
635255
588256
536459
509247
518274
544022
542870
636397
669579
649140
566715
557979
522101
613093
522032
630425
520919
618813
543342
524636
578728
550626
517302
555545
525187
586552
566916
575732
501222
501452
501974
519947
653178
624875
529856
526440
682213
523715
595219
509377
580461
629573
512644
549102
672004
513064
693583
621248
536278
564451
535566
622891
547529
524536
515019
524647
509478
507604
655513
732918
543211
592274
530848
512804
514597
640584
529205
605308
517844
606250
602513
523564
520568
549473
515169
657285
648650
572386
514367
548301
544383
629023
505300
547279
659851
515619
533634
601561
569781
605067
631687
640214
634132
616268
624814
581874
568720
665090
625606
557728
572416
584098
613032
607211
563659
662416
523454
560484
582575
557277
664379
575742
559432
888049
581583
562928
536548
509939
625987
628482
579089
555956
567537
654680
536158
523494
644292
638821
531779
652126
536399
555194
663628
536189
743037
524716
665812
515298
520769
500981
532932
508235
607473
509187
784485
550455
511792
682784
511873
542140
705346
511020
531479
516652
518936
637548
552148
540086
556366
545285
589037
595340
650533
533283
511502
682643
598886
556707
513465
501673
632730
618643
511202
512153
631337
668627
577576
639984
576164
582866
588537
567858
504268
520118
509768
719213
537230
522442
526570
539404
528564
514277
509027
499359
622200
585270
657256
573348
510700
659470
548952
506803
623192
526220
555965
529305
510650
619665
542149
598315
545065
545936
542309
677925
570442
552428
531460
704585
655613
562017
783743
587184
573017
667445
763054
679347
586162
525638
505551
593136
512874
522352
546147
573628
669148
617761
651745
579490
630445
613563
585842
517983
645964
536859
522532
502415
497896
504919
516251
665041
604927
515910
547339
520028
566776
552829
779636
578107
603855
640124
526660
515309
618783
619465
511842
629253
607622
685208
649281
539054
630666
656835
548541
511642
500702
624233
513265
532071
505431
594357
559582
507825
571074
688966
512563
529405
496022
569771
512494
528643
504809
760931
563178
563420
618092
559422
558319
647477
510389
579369
584428
551968
566745
663848
560153
536639
521620
636126
512142
522533
753767
734100
638420
601190
555695
521691
556276
528373
529125
534845
612562
561315
557428
538262
525378
557378
543211
587825
533884
757114
815142
615146
519647
521240
531239
603315
604176
673646
609686
680359
628131
696299
533242
668928
518394
666042
535757
527101
647357
630215
635184
597504
520598
520238
518656
520148
504969
675490
593756
530989
663347
653258
553370
588215
527812
560513
549062
523725
546688
526400
673156
539334
570823
608594
533353
560644
528343
624835
667334
680339
525358
573648
622921
529325
527822
514296
604467
615858
577336
601401
664720
786598
612041
552810
556336
536939
570753
665290
531870
634794
571013
538903
653539
681682
649882
631297
635164
528734
557798
566505
565273
520569
680991
592274
519596
524155
523525
565102
597273
594137
538362
537441
564522
562538
516561
527141
503236
724522
678014
685318
645634
584328
580391
724312
537260
545526
560494
675159
622922
669268
671072
677394
638710
673516
581834
667174
664339
539374
645313
595840
516861
552538
722468
553140
627921
668357
535838
641135
522482
580190
557949
523324
530527
499669
656704
522432
669819
516401
533242
554432
521210
563570
521019
636026
724923
557097
545726
554883
503126
554313
538482
698533
618332
685940
560724
689987
655232
566936
703313
541688
655693
588196
670170
639302
672985
525608
600549
536138
520749
576514
565213
620938
532631
537160
533633
552469
561035
652547
610518
578799
529675
688634
612281
536308
557488
526771
648159
631276
539574
559862
594779
541668
599848
642608
560914
550555
746684
636787
619004
550104
574129
581544
741835
797149
623322
542300
647307
600499
564611
564932
648900
634573
589408
561385
658888
656184
565062
563349
579659
711027
598495
566064
522202
634563
716547
553841
671653
672775
528434
726506
567617
540105
643369
587114
542029
589057
709724
577616
561596
524727
531860
637228
563248
759979
732627
576013
582936
544373
526399
539474
736846
635125
542700
535237
557929
507263
520378
513275
507685
650653
533743
613453
507655
554693
661994
614416
545035
520288
523684
582044
518014
621648
513916
578428
514748
522382
535467
631728
653459
553100
726025
782552
537371
522372
565854
516581
529265
509147
505641
664258
520208
602262
517914
554803
659550
712169
644983
586282
552609
616509
737367
612401
648299
623362
582605
681421
704103
572988
560233
581383
522623
581813
549974
576894
577906
569711
621549
565633
657536
758185
605398
606310
624404
568068
534084
667295
525778
619215
559722
567287
533583
533363
683204
671101
630466
548411
583967
648179
639341
599247
548150
579379
701760
539474
670631
584328
663187
730123
730403
554984
597553
594979
535146
621098
505310
683715
592985
576533
547399
610678
653248
664338
650904
568709
541659
621218
635545
604847
523133
565663
519376
538091
532952
655593
565754
615758
576644
637569
591993
537921
529225
719703
729662
526851
510008
609937
521460
522662
503797
500451
529185
502164
583698
517764
525548
559251
580281
563580
651856
545486
612892
532621
558991
608874
535506
511321
530207
615136
758245
681311
560454
533603
562688
561265
626488
619404
687723
611529
555504
587936
562117
724813
556256
652476
552188
600719
649160
563399
530507
602172
595089
608183
537210
517233
599658
630065
551116
677964
555955
523183
528905
632028
635074
560694
550175
519607
645915
527301
545776
562057
549263
556546
586933
608695
561376
626147
650554
691290
551206
541448
556316
598956
533553
540486
623241
737377
853535
527431
537701
674909
602723
535657
532311
604056
664629
581974
539334
537451
534565
641937
582074
565363
631477
624474
715395
580301
541348
551096
593185
548892
644131
649692
541528
533964
618393
685399
514908
536499
511331
606200
524997
533894
716738
530487
686851
644932
629143
616218
557769
618423
627730
639292
532752
523194
630145
508406
700918
650993
536088
622971
557959
698143
750010
700898
599908
667465
594418
565353
662655
604236
579129
521500
508365
536038
544203
637168
661153
630446
611941
552799
510059
532010
507674
506592
512334
678726
536498
507644
607372
506803
519818
724943
527391
562859
560103
562818
629784
521400
577746
506924
517734
502956
523695
507364
500171
579680
523103
640975
504468
511261
513225
506573
532321
508476
636126
666704
570352
582726
530597
518224
508346
693463
526550
513155
557889
595098
544944
661404
619835
602042
553681
555073
657326
702601
649911
637970
626508
660101
570132
699826
599918
658919
604797
541929
539274
513556
607562
508185
510369
549874
523114
545376
526229
565673
604256
548591
676311
582385
520949
691450
618473
651054
550635
535206
636476
596331
826904
574861
556427
552578
555144
573248
643821
558591
686100
594859
611830
569491
588306
556106
702771
771230
575822
536168
537010
515178
518245
517894
803250
542370
620787
699324
533984
639232
572116
516140
732016
550645
630625
521210
663888
512133
560454
536268
534745
516441
654350
614806
566415
546288
603665
658869
612292
552038
630695
533893
551006
547208
737085
617691
555575
647488
612883
544263
647017
524356
628201
509047
918797
538081
725114
605899
578087
525478
571435
546137
627840
524456
516622
694526
716527
569732
508496
577676
590760
551727
528794
646635
657446
621859
533212
586202
619965
558550
522402
522242
542490
552739
630776
622540
627781
545807
524716
720986
636998
591692
549874
535707
526339
650332
680069
532932
557157
574039
637268
628151
571254
533212
518064
534655
512554
580722
523004
655583
615698
629754
547639
637087
552599
549173
577777
547089
610227
542670
529987
536438
563118
588316
498607
657095
513626
560574
530558
523404
636557
508797
528654
519847
512233
513786
625997
514928
522733
520048
508707
507975
513745
658828
691931
554973
510921
519847
498227
604036
546518
591242
519947
642468
665321
517924
541758
619615
512694
571595
515920
527451
513586
703262
645363
681591
574100
541188
516431
638019
587334
521921
696289
609155
614936
513015
615407
599086
614245
538012
638631
521140
561506
650984
537701
568328
660491
517723
613965
572677
551637
525298
512333
758185
507795
643009
620156
655763
567677
557688
518965
526730
707821
535397
523495
509298
543001
705977
523615
609727
524616
613994
598455
540636
576614
610368
569551
732958
559292
578228
608874
552098
597393
547450
655322
559712
642487
826964
709995
657306
555755
639332
624123
550976
595089
545726
677524
606771
652958
810554
592625
529255
652156
528684
632900
639322
636547
519537
561195
529726
558169
641095
517493
599236
680639
509278
663156
629904
636346
530037
568138
628582
522632
514787
519517
508827
631868
645513
544503
664038
596742
550224
527502
520669
555204
514898
679297
515429
528083
529575
636196
517733
658348
509698
548371
610267
551056
660541
522302
662155
608564
538883
606841
553220
598786
511902
546627
669489
525668
681882
680479
541989
617861
515630
556306
604827
534635
529396
530597
649671
642127
592113
533183
724672
637148
654691
568929
531410
551407
545736
680148
558510
541007
701619
530547
657646
587445
614014
554152
573969
615758
662255
592163
558360
661644
642699
549243
539695
511752
682944
632139
523625
662335
542420
535237
550195
524637
676792
644552
614275
574520
647858
517573
604125
519847
518645
626188
528904
517323
609406
575652
711197
540547
628592
525398
608304
537771
588647
521700
534315
691991
582906
608684
573438
652327
613744
625766
694756
518074
525838
524436
658097
569871
540516
542320
610919
647287
539935
647126
640113
625015
615638
625296
538884
625186
539614
523454
580992
513065
589198
511863
625426
656915
700978
588566
634142
547429
614886
652397
535748
619685
697190
623582
605579
618723
514006
792059
654089
504979
599537
560183
528273
561054
697040
585240
627289
576393
694585
768214
638531
566846
639042
671082
618824
583517
572356
820593
778533
662525
795325
564000
582285
537931
709414
718992
644642
560865
594688
535998
618292
538222
513456
542380
556586
559181
671162
525558
546338
543622
546878
537881
548902
649371
538012
531159
531068
574700
652527
543843
551998
573669
573549
644562
511302
612431
527060
545035
518334
508426
526139
604006
561035
528674
518364
517463
542921
551546
546828
567657
536869
514247
528533
518605
518826
506974
611990
505801
521781
524676
525518
521380
501193
531970
510119
835691
521069
527412
545005
508626
519948
506633
502524
692993
674698
528974
556376
726386
537971
552950
524075
544303
622661
518855
559061
623132
536228
536879
534104
550104
576965
563980
654461
584058
602303
630796
626188
560444
626909
572346
621999
717880
941360
710826
617521
582264
535527
529084
545585
713862
558440
578107
628973
641376
579499
554012
690558
736876
614205
572066
559191
661213
591512
654521
655632
657747
560073
574541
600018
654892
596431
719322
552338
549173
748286
573007
546818
552308
693954
660792
544864
647938
514798
706388
634653
577976
689948
532031
568379
511021
510510
582515
651926
626638
574871
566115
664850
554342
652897
576414
673556
548101
542180
518845
562638
538022
659700
741665
528203
532421
670751
533593
584338
632649
589559
587474
626609
717589
593396
549874
548842
530348
567187
739911
672835
541217
547048
664579
524266
506512
522322
626728
656735
912515
720915
662365
567176
702831
605137
574180
616679
847864
720715
615908
552970
698373
570893
588166
525528
636798
621819
742155
705597
597974
653889
528213
560073
643610
581734
537189
718601
569390
586412
565733
581884
567286
535697
631057
543212
629523
549403
514207
659019
569601
616970
585702
536178
556737
588416
624915
533473
502144
522953
607542
524065
558771
557377
572566
542830
537861
635916
540476
587645
521170
646095
545886
645394
613624
618443
543221
587084
628020
545956
546066
577796
535116
514768
750291
676602
589058
581032
544494
581944
612541
534234
520960
512072
515249
517543
509709
510911
505811
514968
506372
517693
507394
517604
510570
639192
535758
510459
556917
505681
512935
505902
650062
520529
507684
576424
544955
591422
507865
549673
572717
525147
543963
547710
565402
748347
591993
548462
574300
569932
530928
518595
588005
546448
544514
559121
514587
531880
525408
649040
557639
633331
534064
550104
667655
560353
587214
636176
564822
589829
564581
513856
644893
708532
509087
554793
658879
543773
584349
655031
588897
559541
529316
530277
524226
577245
544944
504218
550866
515489
529396
540587
571855
509849
618403
593686
517563
679347
565082
566255
626327
562518
637318
529345
624374
572456
579069
534615
662085
583937
583697
631227
593936
672644
619114
625145
601902
595329
581322
520939
507183
523564
692623
531579
579339
520800
604136
512624
528824
515499
518646
603936
514717
511652
514707
663397
647788
518014
554863
514467
569741
646696
506532
536619
566074
655062
673777
527111
552469
534054
744761
588156
545054
517743
547910
582695
579699
529075
661324
636797
542790
549142
512774
522974
556857
563690
517443
503577
529085
534245
562288
595289
726005
619996
537781
531269
547459
517553
523764
519737
528604
599678
516431
522673
543191
632369
646966
565753
623652
537591
533813
553981
531519
522913
515269
542330
516942
682133
512804
552559
533112
521942
536800
526500
538853
561336
557448
545265
559783
537290
537060
590690
604095
544033
543672
608565
528213
591763
520869
697101
807418
678045
596902
537089
588556
555184
733238
540667
543020
532822
532521
696820
518104
520118
530888
510149
517092
505731
706238
588306
547369
662335
511411
514758
511181
677604
658568
662756
548070
636096
595479
560434
548281
553170
729611
696700
596201
580060
648479
705346
718230
656434
544303
573408
575923
559893
663157
648790
523374
619475
516681
526079
629904
661293
582495
589919
598635
629484
672424
531930
547619
534425
704705
550635
541187
631998
536729
536108
598806
555514
535958
537400
645153
583116
636777
690659
717940
579349
602302
605298
579390
687473
587395
545986
693975
624184
534345
672414
567417
544594
624394
582284
610388
601471
527972
528534
510380
514808
509047
563550
607111
649141
558690
563660
739751
666934
681311
565874
562648
527041
534524
511331
779014
670842
529907
519958
645995
609025
619835
603846
581072
599487
558931
623011
558280
560755
645514
626488
694255
525959
642398
641045
641266
578708
544153
606550
540496
681321
666513
592244
595410
641156
621899
677885
566094
565253
654220
702431
585621
822246
591653
618533
563349
698954
841963
696138
625917
719613
560384
560443
568218
565653
694726
562537
573638
620937
569270
538132
553951
518615
652878
517443
525078
529956
526690
637409
496182
700898
581554
533232
530708
514017
608814
710105
547159
727759
531429
519908
537240
511291
672925
724953
542520
525758
539324
564692
533123
580682
526770
517743
538903
515279
538432
548451
566035
784946
550074
510560
542490
511091
554853
593456
602132
591682
615607
546618
533793
530718
535276
545937
724251
632008
525237
537982
526670
523945
524336
519277
587655
506682
517674
550555
665281
670521
554363
676021
522793
546467
534696
506933
781039
606140
535156
560153
566174
525628
533724
591312
685639
604456
557658
535747
532912
643250
596221
576645
596892
533293
558971
688194
531860
669098
552729
605499
587103
572216
564992
655272
562577
564561
523314
631728
533312
544614
594217
807498
639052
599568
599296
528674
535908
530297
544875
574851
539905
557068
516521
612582
546127
531680
610278
520198
523294
520028
577717
620367
589318
536138
512874
509527
646836
509708
511641
522723
512314
507114
634082
573167
509759
604947
739470
515148
577265
533473
657395
554813
631438
639993
503888
661073
542310
609767
581142
546227
525498
551005
515810
565604
536779
541107
532341
536859
661924
512634
548922
532461
524086
547249
507094
677854
678435
515159
516431
516922
552278
764067
563650
669709
549292
550485
534495
526830
598706
656915
602964
582706
522653
572847
552058
535507
526861
578648
591121
546958
558029
659149
527211
553441
562848
685769
575121
544304
637950
582826
522072
629384
575572
596472
616699
589849
767933
661634
636477
576304
554873
721617
617160
575281
588286
554443
533042
652286
604627
656695
606881
556516
566265
604747
679508
551737
650363
655462
530938
541047
519116
506913
567627
507845
659249
544063
558119
584048
546598
653669
532731
581052
648460
526549
531359
531459
514598
564552
639192
689556
545946
553921
671582
516882
625797
560083
628802
672534
525047
514838
621248
533273
519396
500842
529165
509308
506733
619315
516000
516872
504298
550956
544985
708562
614245
526650
657326
650754
532190
536339
517543
499089
516812
500230
643740
560153
706278
604115
510399
522352
503987
543622
572206
529436
672254
606159
559582
568709
539394
604517
551357
553841
633811
589789
553772
548481
549623
542300
545425
586933
728129
671763
651565
592964
592043
616900
570202
601991
603214
769827
554673
528844
523945
512884
545986
513065
611419
514958
527201
802729
562417
608323
527963
568359
646536
626708
556607
535798
523244
665101
755210
573699
624534
644983
515429
532341
625586
627831
591161
509588
566625
522893
531079
504839
534254
672544
521290
695117
571765
513465
704855
517784
565172
617751
543341
536098
679076
592484
610568
611149
556897
625335
519506
551157
515970
644321
576774
671121
593436
541238
609216
689236
514908
721837
579529
577546
533333
638050
685659
570553
627329
661644
548321
557548
638390
613844
607342
660992
624915
657867
552228
712089
529115
645033
533172
588286
597052
587925
635445
586172
591051
773384
561555
551056
673556
545696
550675
556856
624053
653238
537771
521110
669529
564752
536248
721076
658458
687642
594157
557889
528033
667234
706158
549784
554272
514216
515970
508406
514818
511763
513906
640184
502615
523254
514297
531590
518374
532521
529426
534465
588236
518725
522071
513896
517193
504538
522612
532761
645032
527752
518786
523775
552088
578908
597193
594207
551077
554392
549974
539835
552770
532121
605849
679066
630615
536228
523784
548330
521110
641026
623612
633221
532942
645975
570723
533192
640164
634893
623041
617151
634873
541688
562388
555365
541098
643360
508687
648148
545025
677143
647848
578698
546247
592003
513486
537000
653158
589428
587354
616048
528443
573478
520719
655422
549453
536309
540546
655753
675480
559842
601060
544403
526360
634863
573899
525818
529606
546237
530888
694125
686932
633642
670771
663638
584899
586553
545706
561305
563530
645473
647848
517363
703593
577906
602963
668537
654701
543602
751713
552418
717389
642678
565633
723621
551877
528924
510460
515679
504128
533092
724973
529225
574390
517112
513335
512032
516981
567567
504298
629093
521030
514227
507083
532411
510580
506092
573959
618883
517182
537661
529014
520799
592183
584950
536599
530657
511562
652527
546137
535507
651344
549774
547910
546448
511241
512243
548511
517022
505380
570042
517864
500301
513976
511251
646175
516832
675329
626488
582605
524516
621929
521120
637499
512984
530146
501272
523494
584299
536158
517914
500150
541258
506012
595640
595309
570162
662816
575212
544133
581183
570522
694266
596421
719533
567387
579830
533843
538523
534114
588126
561034
531049
638471
521240
575622
691570
542119
577125
670050
620837
587595
637909
586162
541898
523484
626548
625205
701469
715715
672705
711578
531008
583527
642869
560784
627470
692693
558470
557287
524837
640715
649892
517674
583407
632619
632830
602352
519496
573158
506412
714533
582555
649120
539584
718070
644221
578939
587133
518444
714704
599637
586322
688214
522833
619525
530858
515099
555935
573067
562488
524176
525628
685158
519607
610808
610197
531229
658778
627790
512824
517924
521260
527752
578999
833197
583497
640414
541358
740051
544644
545887
543432
550956
552679
541318
550285
600759
785848
555084
575041
569952
590049
546508
559642
604948
548962
701378
582134
536228
538893
720615
691069
554613
634924
728079
634833
631547
567707
621077
537490
714834
545296
786288
601420
849707
730684
553952
592224
595419
606130
563920
687242
659810
581684
541588
586733
623963
560013
683796
712940
560634
535998
577465
520458
597594
555935
596421
552910
635194
531890
513365
515349
528423
619003
639713
719202
675710
537691
506292
696410
510529
634733
662475
569901
597363
732807
678536
559311
650563
719463
570923
715736
577566
529656
678155
570843
575231
655552
653118
596010
572867
530538
587554
601251
650332
569100
706358
536468
772462
608043
513255
554181
559381
522282
534655
524867
519006
524556
524676
505431
532761
505209
719492
583968
649661
556135
595149
555164
576514
638069
554172
631157
592494
556386
648139
586633
621709
561315
533022
610056
551347
552990
630446
707680
709454
645834
618223
575261
624734
524146
588937
690608
568740
526280
508386
637829
682974
531429
574670
693975
593556
617320
545836
526650
593847
689206
587204
593857
633091
530798
523304
503838
517122
511091
577927
505811
516190
626127
519927
524206
547920
547089
515709
665862
537240
543992
544704
544874
534054
540376
585852
540957
547740
518485
532240
577295
668817
521390
563390
575542
628933
525438
688014
521410
533853
628752
603093
513896
601370
560664
557568
574751
513675
532381
628100
566114
527602
512123
636406
675190
545145
568439
554903
663087
542400
515519
588727
513395
521250
521591
531569
570973
546928
580051
527041
521731
512674
639923
534575
578067
548140
527732
593256
547980
523254
604566
575983
583787
556175
686140
642858
577195
608885
625285
585181
794334
651085
571905
526329
598655
669759
525688
674058
534365
535938
541107
622771
623633
638491
536338
673998
523815
632429
537310
564451
540757
523764
654821
635715
519276
533954
