505698
506690
507150
507261
507391
507401
507631
508253
508253
508454
508524
508834
509064
509165
509184
509334
509355
509415
509445
509495
509496
509505
509515
509576
509586
509856
509926
509957
509966
509976
509997
510006
510047
510097
510206
510377
510387
510457
510477
510577
510597
510617
510627
510727
510737
510758
510768
510797
510908
510978
511048
511128
511159
511159
511178
511219
511278
511288
511329
511359
511388
511479
511589
511639
511689
511740
511750
511760
511770
511809
511859
511970
512040
512080
512080
512090
512100
512120
512121
512130
512141
512160
512181
512230
512230
512241
512260
512261
512290
512311
512351
512371
512371
512440
512441
512451
512471
512521
512521
512551
512571
512591
512601
512621
512631
512671
512672
512692
512721
512731
512731
512732
512732
512742
512762
512782
512792
512792
512811
512811
512812
512822
512822
512831
512842
512842
512902
512911
512941
512952
512961
512972
512982
512991
512992
513052
513071
513071
513072
513082
513112
513112
513112
513132
513163
513212
513212
513232
513252
513272
513322
513322
513333
513362
513372
513382
513393
513402
513403
513412
513422
513422
513432
513433
513473
513513
513542
513563
513573
513583
513593
513593
513612
513653
513663
513673
513673
513673
513693
513713
513713
513753
513763
513773
513803
513803
513823
513834
513844
513893
513904
513923
513944
513964
513974
513974
513983
513984
513984
514014
514014
514034
514053
514054
514064
514084
514124
514134
514144
514144
514144
514164
514184
514184
514184
514214
514234
514274
514284
514294
514324
514344
514384
514404
514425
514425
514485
514504
514505
514544
514565
514565
514574
514615
514634
514634
514645
514655
514675
514675
514684
514685
514685
514695
514705
514715
514725
514725
514735
514735
514765
514785
514785
514785
514785
514795
514795
514805
514815
514815
514825
514825
514855
514855
514865
514875
514895
514906
514906
514925
514945
514945
514955
514965
514966
514995
515006
515035
515036
515056
515056
515115
515136
515146
515146
515166
515176
515186
515196
515246
515256
515256
515286
515296
515296
515346
515346
515386
515396
515417
515417
515457
515466
515477
515486
515496
515506
515506
515517
515517
515526
515537
515567
515577
515586
515617
515626
515627
515627
515667
515696
515706
515716
515717
515737
515767
515767
515767
515776
515787
515787
515807
515817
515827
515828
515847
515857
515877
515887
515907
515907
515917
515947
515948
515948
515958
515967
515968
515997
516008
516008
516017
516027
516028
516047
516047
516057
516068
516077
516078
516078
516087
516097
516108
516117
516127
516147
516158
516168
516178
516178
516198
516207
516217
516238
516238
516258
516258
516277
516288
516288
516298
516318
516328
516328
516348
516368
516378
516388
516389
516398
516408
516428
516428
516438
516458
516478
516488
516489
516498
516498
516528
516528
516548
516548
516569
516579
516588
516588
516598
516599
516609
516619
516628
516629
516639
516648
516648
516648
516649
516658
516668
516689
516699
516699
516699
516708
516719
516738
516748
516749
516759
516779
516799
516799
516839
516839
516859
516859
516859
516869
516869
516869
516909
516909
516919
516919
516919
516939
516939
516959
516960
516970
516979
516979
516979
516979
516999
517000
517000
517019
517020
517049
517049
517050
517060
517070
517079
517109
517110
517110
517120
517129
517139
517150
517159
517169
517180
517180
517209
517219
517220
517220
517229
517230
517240
517240
517250
517259
517269
517280
517280
517290
517290
517299
517300
517319
517320
517350
517360
517369
517370
517370
517380
517400
517410
517410
517410
517420
517430
517430
517430
517440
517440
517440
517440
517450
517460
517460
517470
517481
517500
517500
517510
517520
517531
517551
517551
517560
517570
517580
517580
517580
517580
517600
517600
517601
517601
517610
517610
517611
517620
517640
517661
517690
517690
517701
517701
517711
517741
517741
517751
517770
517770
517771
517771
517771
517791
517811
517821
517821
517831
517831
517841
517841
517850
517851
517851
517851
517861
517861
517861
517861
517881
517881
517881
517891
517891
517911
517911
517921
517931
517941
517941
517961
517961
517971
517971
517981
517981
517982
517991
517991
517991
518001
518001
518031
518031
518031
518041
518041
518051
518051
518062
518071
518071
518081
518082
518101
518101
518102
518102
518151
518152
518161
518171
518171
518172
518182
518182
518191
518191
518192
518192
518201
518202
518222
518222
518232
518241
518242
518251
518251
518252
518252
518262
518262
518272
518281
518281
518282
518282
518292
518302
518302
518312
518312
518322
518322
518352
518361
518362
518382
518392
518392
518392
518402
518411
518412
518432
518442
518452
518452
518462
518462
518462
518482
518492
518492
518492
518492
518512
518522
518522
518542
518543
518552
518552
518552
518562
518572
518582
518583
518602
518612
518622
518632
518632
518633
518642
518642
518652
518662
518662
518682
518682
518683
518693
518712
518722
518723
518723
518752
518752
518752
518762
518763
518792
518793
518813
518813
518823
518833
518843
518853
518853
518853
518862
518872
518873
518873
518873
518893
518903
518913
518923
518933
518952
518953
518953
518963
518973
518983
518993
518993
518993
518993
518993
518993
519003
519003
519013
519013
519023
519023
519023
519033
519033
519043
519043
519053
519073
519083
519083
519083
519093
519093
519093
519103
519104
519123
519133
519143
519153
519163
519163
519164
519174
519174
519183
519193
519194
519203
519203
519204
519213
519213
519223
519233
519234
519253
519254
519254
519263
519264
519274
519283
519283
519284
519294
519303
519303
519313
519313
519314
519314
519334
519344
519344
519354
519354
519354
519363
519364
519364
519364
519373
519374
519374
519374
519383
519393
519394
519394
519404
519414
519434
519454
519464
519464
519474
519484
519484
519494
519504
519514
519524
519534
519534
519544
519544
519554
519564
519564
519564
519574
519584
519584
519584
519584
519594
519594
519614
519614
519624
519625
519634
519634
519634
519644
519644
519654
519654
519664
519664
519694
519704
519704
519704
519705
519714
519714
519714
519724
519725
519725
519735
519744
519755
519755
519764
519774
519784
519785
519785
519795
519814
519815
519824
519824
519825
519834
519844
519845
519845
519855
519865
519875
519875
519885
519885
519895
519895
519904
519904
519905
519905
519914
519915
519935
519935
519945
519945
519955
519955
519955
519965
519975
519975
519975
519985
519995
519995
520005
520015
520015
520024
520025
520025
520025
520055
520055
520075
520075
520075
520095
520095
520095
520096
520105
520105
520115
520125
520125
520125
520135
520145
520145
520145
520155
520155
520155
520155
520156
520165
520165
520176
520185
520185
520186
520195
520205
520205
520235
520236
520245
520245
520245
520246
520265
520275
520275
520275
520285
520285
520295
520295
520295
520305
520315
520315
520325
520326
520335
520355
520355
520356
520366
520385
520385
520395
520405
520406
520406
520416
520416
520416
520425
520435
520436
520436
520446
520446
520446
520456
520465
520475
520485
520486
520505
520506
520506
520506
520516
520526
520535
520546
520546
520556
520556
520575
520596
520596
520596
520606
520606
520616
520626
520626
520626
520636
520636
520656
520666
520676
520676
520677
520686
520686
520696
520696
520706
520706
520706
520726
520726
520746
520746
520746
520746
520746
520747
520756
520756
520767
520777
520777
520786
520796
520796
520806
520806
520806
520817
520817
520826
520847
520856
520866
520867
520867
520886
520887
520897
520906
520907
520916
520916
520917
520917
520936
520937
520937
520946
520946
520947
520957
520976
520976
520977
520987
520996
520997
521007
521007
521016
521017
521017
521036
521036
521037
521037
521047
521057
521057
521066
521067
521067
521067
521077
521077
521077
521077
521086
521086
521087
521097
521107
521127
521127
521127
521137
521137
521137
521147
521147
521157
521167
521167
521177
521177
521187
521197
521197
521197
521207
521207
521207
521207
521217
521217
521227
521237
521237
521247
521247
521247
521247
521257
521257
521267
521267
521267
521277
521287
521288
521288
521297
521297
521297
521298
521307
521307
521307
521317
521318
521328
521328
521337
521337
521337
521347
521348
521348
521357
521367
521367
521378
521388
521388
521408
521427
521428
521437
521438
521448
521448
521448
521468
521468
521478
521478
521478
521478
521478
521487
521488
521497
521497
521498
521498
521517
521528
521528
521538
521538
521547
521548
521548
521558
521567
521568
521588
521588
521588
521588
521597
521598
521598
521608
521608
521608
521608
521608
521608
521618
521618
521618
521638
521638
521638
521658
521668
521668
521688
521688
521708
521708
521718
521718
521718
521728
521728
521738
521748
521748
521758
521758
521768
521768
521768
521768
521778
521779
521798
521798
521799
521808
521818
521818
521818
521828
521828
521838
521838
521848
521848
521849
521849
521858
521859
521869
521878
521888
521888
521888
521898
521898
521899
521908
521918
521918
521919
521938
521939
521949
521959
521968
521968
521969
521979
521989
521998
521998
522018
522019
522019
522019
522019
522028
522029
522029
522029
522039
522049
522049
522058
522059
522069
522069
522079
522098
522099
522099
522099
522109
522129
522138
522149
522149
522159
522159
522159
522169
522179
522179
522189
522189
522189
522189
522199
522199
522209
522209
522209
522229
522239
522239
522239
522239
522249
522259
522269
522279
522289
522299
522299
522299
522299
522310
522310
522329
522329
522329
522330
522339
522339
522339
522349
522349
522359
522359
522369
522370
522370
522370
522379
522380
522409
522419
522419
522429
522430
522430
522439
522449
522449
522459
522470
522479
522479
522480
522480
522490
522490
522500
522509
522509
522519
522519
522539
522540
522540
522540
522550
522550
522550
522550
522560
522560
522570
522580
522580
522590
522590
522590
522590
522590
522610
522620
522629
522639
522640
522640
522640
522640
522660
522660
522669
522670
522670
522670
522680
522680
522690
522700
522710
522710
522720
522720
522720
522720
522720
522730
522730
522730
522740
522740
522750
522760
522770
522780
522780
522790
522790
522791
522791
522791
522791
522810
522810
522810
522820
522820
522830
522830
522831
522840
522840
522840
522880
522890
522890
522890
522900
522900
522901
522901
522920
522930
522930
522931
522931
522940
522941
522950
522951
522951
522960
522961
522961
522961
522970
522971
522971
522981
522990
522991
523011
523020
523021
523030
523030
523040
523040
523041
523050
523061
523061
523071
523071
523081
523081
523090
523091
523091
523091
523100
523101
523111
523111
523120
523121
523121
523121
523121
523121
523131
523131
523141
523151
523151
523151
523160
523160
523161
523170
523171
523171
523181
523181
523191
523191
523200
523201
523201
523201
523201
523201
523211
523211
523211
523221
523221
523221
523231
523241
523251
523251
523271
523271
523271
523281
523281
523291
523291
523291
523301
523301
523301
523311
523312
523321
523321
523331
523331
523331
523341
523341
523342
523351
523351
523361
523371
523371
523372
523381
523382
523392
523401
523401
523401
523411
523411
523421
523421
523421
523421
523421
523421
523431
523431
523451
523452
523452
523452
523452
523462
523471
523471
523472
523472
523482
523491
523492
523492
523501
523502
523521
523522
523531
523551
523551
523551
523551
523561
523561
523562
523571
523571
523581
523582
523591
523592
523592
523602
523602
523612
523612
523612
523612
523621
523621
523632
523632
523632
523642
523642
523652
523661
523661
523671
523672
523672
523672
523691
523692
523692
523692
523692
523692
523702
523712
523712
523712
523721
523721
523722
523722
523722
523722
523722
523722
523722
523732
523732
523741
523752
523762
523762
523772
523772
523772
523782
523792
523802
523802
523812
523812
523812
523812
523832
523832
523842
523852
523852
523852
523862
523862
523862
523862
523863
523872
523873
523882
523882
523883
523902
523903
523922
523932
523932
523962
523962
523962
523962
523962
523972
523982
523982
523983
523983
523993
523993
524002
524002
524002
524003
524012
524012
524012
524022
524023
524032
524042
524042
524043
524052
524052
524053
524053
524053
524053
524072
524072
524073
524073
524073
524073
524073
524083
524092
524093
524102
524102
524112
524113
524122
524122
524132
524133
524143
524152
524153
524153
524163
524163
524172
524173
524182
524183
524183
524183
524192
524193
524193
524203
524203
524212
524213
524223
524223
524223
524233
524243
524243
524243
524243
524253
524253
524253
524253
524263
524263
524263
524273
524273
524273
524283
524283
524283
524303
524313
524313
524323
524333
524333
524333
524333
524333
524343
524343
524353
524353
524363
524363
524373
524373
524373
524374
524383
524393
524403
524413
524413
524414
524423
524423
524433
524433
524433
524433
524443
524443
524444
524453
524453
524454
524463
524464
524464
524473
524473
524483
524483
524483
524483
524483
524483
524493
524493
524494
524503
524504
524513
524513
524523
524523
524524
524533
524533
524534
524544
524554
524554
524564
524573
524574
524574
524583
524584
524584
524603
524603
524603
524604
524604
524613
524613
524613
524614
524623
524624
524633
524633
524633
524633
524634
524643
524644
524644
524644
524644
524653
524654
524663
524663
524674
524674
524674
524683
524684
524693
524693
524693
524694
524694
524704
524704
524713
524713
524714
524734
524743
524753
524754
524754
524754
524764
524764
524773
524773
524774
524783
524784
524793
524793
524794
524794
524794
524794
524794
524794
524804
524804
524804
524804
524813
524814
524823
524824
524824
524833
524834
524834
524854
524854
524864
524864
524874
524874
524884
524884
524884
524894
524894
524894
524894
524894
524904
524914
524914
524924
524924
524924
524934
524944
524944
524944
524944
524954
524954
524954
524964
524964
524964
524964
524974
524984
524984
524984
524984
524994
525004
525004
525004
525004
525005
525014
525014
525014
525015
525015
525015
525015
525015
525025
525025
525025
525034
525034
525034
525035
525044
525044
525045
525045
525054
525054
525055
525055
525064
525074
525074
525075
525075
525075
525075
525075
525084
525084
525084
525085
525095
525095
525104
525105
525105
525114
525114
525115
525115
525125
525134
525134
525134
525134
525144
525155
525155
525155
525155
525155
525164
525164
525165
525165
525174
525175
525175
525184
525184
525184
525185
525194
525194
525194
525204
525204
525205
525215
525225
525234
525234
525235
525244
525245
525245
525255
525265
525265
525265
525274
525275
525275
525284
525285
525295
525295
525305
525305
525305
525314
525315
525325
525325
525325
525325
525325
525335
525335
525335
525335
525335
525335
525354
525355
525355
525355
525365
525365
525375
525385
525385
525385
525385
525385
525385
525385
525395
525395
525395
525405
525405
525415
525415
525415
525415
525415
525435
525435
525445
525445
525445
525455
525456
525465
525465
525475
525495
525496
525505
525505
525505
525505
525515
525535
525545
525546
525555
525565
525565
525565
525566
525575
525575
525575
525595
525605
525605
525606
525606
525606
525616
525625
525626
525635
525645
525655
525656
525675
525675
525676
525685
525685
525686
525696
525705
525715
525715
525716
525725
525725
525725
525726
525735
525736
525736
525736
525746
525756
525756
525756
525756
525756
525766
525766
525766
525766
525775
525775
525776
525776
525785
525786
525786
525795
525795
525796
525806
525806
525806
525806
525806
525806
525815
525816
525826
525826
525835
525836
525836
525836
525845
525846
525856
525866
525866
525866
525876
525885
525886
525886
525906
525906
525916
525916
525916
525926
525926
525936
525936
525936
525946
525946
525956
525957
525966
525966
525966
525976
525976
525976
525976
525986
525986
525986
525987
525987
525996
525997
526006
526016
526016
526016
526026
526026
526027
526036
526036
526037
526056
526056
526057
526066
526066
526076
526076
526086
526086
526086
526087
526096
526096
526106
526107
526116
526117
526117
526126
526126
526127
526136
526136
526137
526137
526146
526156
526156
526157
526166
526166
526177
526187
526187
526197
526197
526207
526207
526216
526217
526217
526226
526236
526246
526247
526256
526257
526257
526267
526267
526267
526267
526276
526276
526276
526277
526277
526286
526287
526287
526296
526297
526306
526306
526306
526317
526327
526337
526337
526337
526346
526347
526347
526357
526357
526367
526376
526377
526387
526397
526397
526397
526407
526407
526416
526417
526417
526437
526437
526447
526447
526447
526457
526467
526467
526467
526467
526467
526477
526477
526487
526487
526487
526487
526487
526487
526487
526497
526517
526527
526527
526527
526527
526537
526537
526547
526547
526557
526558
526567
526567
526567
526577
526577
526587
526588
526607
526607
526608
526608
526617
526617
526627
526627
526627
526628
526628
526637
526647
526647
526647
526647
526648
526648
526657
526668
526668
526678
526678
526678
526687
526688
526688
526697
526698
526707
526707
526707
526708
526717
526717
526718
526727
526728
526728
526728
526728
526737
526737
526737
526737
526767
526767
526767
526768
526768
526777
526777
526777
526778
526807
526808
526808
526817
526817
526818
526818
526818
526828
526837
526838
526838
526848
526848
526858
526858
526858
526858
526858
526868
526868
526878
526878
526887
526888
526888
526888
526888
526888
526898
526908
526908
526908
526908
526908
526908
526908
526908
526917
526918
526918
526918
526927
526927
526938
526948
526948
526948
526948
526958
526958
526958
526958
526968
526968
526968
526968
526968
526978
526988
526988
526988
526988
526998
527008
527008
527018
527018
527028
527028
527028
527038
527038
527048
527058
527058
527068
527068
527068
527068
527068
527069
527078
527088
527088
527089
527098
527098
527098
527108
527108
527118
527119
527119
527128
527138
527138
527148
527148
527159
527178
527178
527178
527188
527188
527189
527198
527198
527198
527198
527199
527199
527208
527208
527208
527209
527218
527219
527219
527228
527228
527238
527238
527239
527248
527248
527258
527259
527268
527269
527278
527279
527289
527298
527298
527298
527299
527299
527309
527319
527319
527329
527338
527339
527358
527358
527359
527368
527368
527368
527369
527369
527378
527379
527379
527379
527399
527399
527409
527418
527419
527419
527419
527419
527419
527429
527438
527439
527448
527459
527459
527459
527459
527459
527469
527469
527479
527489
527499
527509
527509
527529
527529
527539
527549
527549
527549
527559
527559
527569
527569
527569
527589
527589
527619
527629
527639
527639
527639
527639
527639
527639
527649
527649
527649
527649
527650
527659
527659
527660
527669
527669
527679
527679
527689
527699
527699
527699
527700
527700
527709
527710
527719
527719
527720
527720
527729
527729
527739
527740
527749
527749
527749
527749
527750
527759
527759
527769
527769
527770
527770
527779
527780
527789
527790
527799
527800
527800
527800
527809
527809
527810
527819
527819
527819
527819
527829
527839
527839
527849
527850
527850
527850
527860
527870
527870
527879
527880
527889
527889
527889
527890
527890
527900
527900
527900
527900
527900
527909
527910
527910
527920
527929
527929
527930
527930
527939
527940
527949
527949
527959
527960
527970
527980
527990
527990
527999
528000
528000
528000
528000
528000
528010
528010
528010
528010
528019
528020
528020
528020
528040
528040
528040
528040
528050
528050
528060
528060
528060
528070
528070
528070
528070
528080
528080
528100
528100
528100
528120
528120
528130
528130
528130
528130
528140
528140
528150
528170
528170
528170
528170
528171
528180
528180
528180
528181
528190
528190
528210
528211
528220
528221
528230
528230
528240
528240
528240
528241
528250
528250
528260
528261
528270
528280
528280
528280
528290
528290
528290
528291
528300
528300
528300
528300
528310
528310
528311
528311
528311
528320
528321
528321
528321
528330
528340
528340
528341
528341
528341
528350
528351
528361
528361
528371
528371
528380
528381
528391
528400
528400
528401
528411
528420
528420
528440
528441
528451
528460
528460
528461
528461
528461
528470
528471
528471
528471
528481
528481
528490
528490
528500
528501
528511
528511
528511
528511
528511
528531
528531
528531
528531
528540
528541
528541
528541
528551
528551
528551
528561
528561
528581
528581
528581
528591
528591
528591
528591
528611
528621
528621
528631
528631
528631
528631
528631
528641
528641
528642
528651
528651
528652
528671
528671
528671
528681
528681
528691
528691
528701
528701
528701
528701
528711
528721
528721
528721
528721
528722
528722
528731
528732
528741
528741
528751
528751
528751
528751
528761
528761
528761
528762
528762
528771
528772
528772
528781
528781
528782
528782
528791
528801
528801
528801
528801
528801
528802
528821
528822
528831
528831
528831
528841
528841
528842
528861
528862
528871
528871
528871
528871
528881
528882
528882
528891
528891
528892
528892
528901
528901
528902
528902
528911
528912
528922
528922
528932
528932
528941
528941
528941
528942
528942
528942
528952
528961
528971
528972
528972
528982
528982
528982
528992
528992
528992
528992
529002
529011
529012
529021
529021
529022
529022
529032
529032
529042
529052
529052
529062
529062
529071
529072
529072
529082
529082
529092
529092
529102
529102
529122
529122
529122
529122
529122
529131
529142
529152
529152
529152
529152
529152
529152
529152
529162
529163
529172
529182
529192
529202
529202
529203
529212
529222
529252
529252
529252
529252
529252
529262
529262
529262
529272
529272
529283
529292
529292
529292
529292
529292
529292
529303
529312
529312
529312
529313
529313
529322
529322
529322
529322
529332
529332
529342
529352
529352
529352
529353
529362
529362
529372
529382
529383
529392
529393
529393
529412
529422
529423
529423
529423
529423
529423
529433
529433
529452
529453
529472
529472
529473
529473
529502
529503
529513
529522
529523
529532
529533
529542
529553
529553
529563
529563
529573
529573
529582
529582
529583
529583
529593
529603
529603
529612
529613
529613
529622
529622
529623
529623
529632
529633
529633
529643
529643
529653
529653
529663
529663
529663
529673
529673
529683
529703
529713
529733
529743
529743
529753
529753
529753
529753
529763
529773
529774
529783
529783
529783
529783
529793
529793
529793
529804
529813
529833
529833
529843
529843
529843
529844
529854
529873
529874
529893
529894
529903
529913
529923
529923
529923
529944
529953
529954
529954
529954
529963
529964
529973
529983
529983
529983
529983
529983
529984
529984
529984
529993
529994
529994
529994
529994
530003
530004
530013
530014
530024
530024
530034
530034
530034
530043
530044
530053
530053
530053
530053
530054
530064
530073
530073
530083
530084
530084
530084
530094
530103
530104
530123
530123
530124
530124
530124
530134
530134
530143
530144
530153
530154
530154
530154
530154
530154
530164
530164
530174
530174
530174
530174
530184
530194
530194
530204
530204
530214
530224
530234
530234
530244
530244
530254
530254
530264
530264
530274
530274
530284
530284
530284
530304
530304
530304
530305
530315
530324
530324
530324
530324
530324
530334
530354
530354
530355
530364
530364
530374
530384
530384
530394
530415
530415
530434
530435
530444
530454
530454
530454
530455
530455
530455
530465
530475
530475
530484
530485
530495
530504
530505
530505
530514
530534
530534
530535
530535
530535
530545
530545
530545
530554
530555
530555
530555
530555
530555
530555
530564
530564
530565
530565
530565
530575
530575
530584
530604
530604
530605
530605
530605
530605
530614
530615
530615
530645
530645
530645
530664
530675
530685
530695
530715
530715
530735
530735
530745
530755
530795
530795
530796
530805
530815
530815
530815
530815
530825
530825
530825
530825
530835
530835
530845
530845
530855
530856
530865
530865
530875
530875
530875
530886
530895
530895
530905
530905
530905
530915
530916
530925
530926
530935
530935
530945
530955
530956
530956
530965
530965
530976
530976
530976
530985
531006
531015
531025
531035
531045
531046
531055
531055
531065
531065
531066
531075
531076
531076
531076
531085
531096
531096
531096
531116
531116
531125
531126
531136
531145
531156
531156
531156
531166
531176
531176
531186
531186
531186
531186
531196
531206
531206
531215
531216
531216
531226
531226
531226
531226
531226
531236
531236
531236
531246
531256
531256
531256
531266
531266
531266
531276
531276
531276
531286
531286
531296
531306
531306
531306
531316
531316
531327
531336
531336
531337
531376
531386
531396
531396
531397
531397
531406
531407
531416
531416
531426
531427
531427
531436
531436
531436
531437
531446
531446
531447
531456
531456
531456
531457
531457
531467
531467
531467
531476
531476
531486
531486
531487
531487
531487
531497
531517
531517
531526
531536
531536
531537
531546
531546
531546
531557
531577
531586
531587
531596
531597
531597
531606
531607
531616
531617
531626
531627
531637
531637
531646
531646
531646
531647
531656
531657
531657
531666
531667
531667
531667
531687
531687
531697
531697
531697
531706
531707
531717
531717
531717
531717
531727
531727
531727
531736
531736
531747
531747
531747
531747
531747
531767
531767
531777
531777
531777
531787
531797
531797
531807
531808
531817
531817
531817
531827
531827
531828
531837
531837
531857
531857
531857
531857
531857
531857
531867
531867
531868
531877
531877
531887
531887
531887
531887
531907
531907
531917
531917
531918
531918
531927
531927
531927
531937
531938
531947
531957
531967
531977
531978
531987
531987
531987
531988
531997
531997
532017
532018
532028
532028
532037
532037
532037
532037
532047
532047
532057
532058
532067
532068
532077
532087
532088
532088
532097
532098
532107
532118
532118
532127
532128
532137
532148
532158
532158
532158
532167
532168
532178
532178
532187
532188
532198
532208
532208
532208
532218
532248
532257
532258
532258
532258
532268
532268
532268
532278
532278
532278
532287
532288
532288
532298
532318
532318
532318
532318
532328
532348
532348
532348
532348
532348
532348
532348
532368
532368
532368
532388
532388
532418
532418
532419
532419
532438
532438
532448
532458
532458
532458
532468
532468
532468
532468
532478
532478
532478
532479
532488
532488
532488
532498
532498
532499
532508
532508
532529
532529
532529
532538
532539
532548
532558
532559
532559
532568
532568
532578
532578
532588
532589
532599
532599
532608
532609
532619
532629
532629
532639
532648
532649
532659
532659
532669
532669
532669
532678
532689
532698
532699
532709
532739
532739
532739
532739
532739
532749
532749
532749
532759
532759
532769
532788
532789
532789
532799
532809
532809
532818
532819
532819
532828
532839
532839
532839
532858
532859
532859
532859
532859
532859
532869
532869
532879
532889
532899
532919
532919
532929
532929
532939
532939
532939
532949
532959
532959
532969
532969
532969
532970
532979
532979
532979
532989
532990
532999
532999
532999
533000
533009
533009
533009
533009
533029
533029
533039
533040
533050
533059
533059
533059
533069
533070
533079
533080
533089
533089
533089
533090
533100
533110
533120
533129
533130
533139
533140
533140
533150
533159
533159
533160
533170
533170
533180
533189
533190
533190
533199
533200
533219
533250
533270
533270
533290
533290
533290
533290
533290
533300
533309
533319
533320
533320
533330
533340
533340
533350
533350
533350
533360
533360
533360
533370
533370
533379
533380
533380
533390
533390
533400
533410
533420
533420
533440
533440
533441
533450
533450
533450
533451
533460
533461
533461
533470
533470
533470
533480
533480
533480
533490
533490
533500
533510
533520
533521
533530
533530
533530
533540
533540
533541
533550
533551
533560
533560
533560
533570
533580
533590
533600
533600
533610
533610
533611
533611
533620
533631
533640
533640
533641
533641
533641
533641
533650
533670
533670
533671
533680
533680
533680
533691
533691
533691
533710
533710
533711
533711
533720
533730
533731
533731
533741
533751
533751
533751
533760
533761
533770
533770
533770
533771
533780
533781
533800
533810
533821
533821
533830
533830
533831
533841
533851
533861
533861
533871
533871
533881
533891
533901
533921
533941
533941
533971
533971
533971
533981
533981
533981
533991
533991
533991
533991
534001
534011
534011
534012
534021
534021
534021
534031
534031
534032
534041
534041
534051
534051
534071
534072
534091
534091
534111
534121
534121
534122
534152
534172
534172
534172
534172
534182
534191
534201
534201
534201
534211
534222
534222
534222
534231
534231
534251
534252
534252
534261
534262
534272
534282
534282
534302
534302
534302
534302
534312
534332
534332
534332
534351
534352
534361
534362
534362
534372
534372
534382
534392
534412
534422
534422
534442
534442
534462
534462
534472
534482
534482
534492
534502
534502
534512
534512
534513
534532
534532
534552
534562
534572
534572
534572
534582
534602
534602
534603
534613
534643
534652
534672
534683
534692
534712
534713
534742
534743
534743
534752
534753
534753
534753
534753
534762
534772
534772
534773
534783
534792
534793
534803
534813
534823
534832
534832
534842
534843
534843
534843
534853
534872
534872
534893
534903
534912
534913
534922
534923
534933
534953
534963
534963
534963
534973
534973
534983
535003
535013
535013
535023
535023
535033
535053
535053
535063
535073
535103
535103
535123
535133
535133
535134
535143
535143
535163
535184
535193
535193
535204
535213
535213
535223
535233
535234
535243
535244
535253
535264
535264
535264
535273
535283
535304
535314
535314
535333
535334
535334
535334
535344
535344
535344
535354
535363
535364
535374
535393
535394
535394
535394
535403
535404
535414
535423
535434
535443
535454
535474
535474
535474
535474
535484
535494
535504
535504
535514
535524
535534
535534
535544
535544
535544
535544
535554
535554
535564
535564
535574
535584
535595
535604
535604
535614
535614
535644
535644
535644
535654
535654
535655
535674
535674
535674
535674
535675
535684
535684
535685
535724
535725
535725
535734
535734
535734
535734
535744
535765
535784
535785
535785
535805
535834
535834
535835
535835
535844
535845
535845
535845
535845
535854
535864
535865
535885
535905
535915
535915
535915
535955
535955
535965
535974
535975
535975
535985
535995
535995
536005
536015
536045
536045
536045
536055
536055
536055
536065
536065
536065
536065
536075
536075
536085
536115
536115
536115
536115
536115
536125
536125
536125
536125
536135
536135
536145
536165
536165
536175
536175
536175
536175
536195
536196
536205
536205
536215
536215
536215
536215
536215
536215
536225
536225
536226
536256
536285
536305
536306
536306
536326
536335
536345
536346
536346
536355
536365
536366
536375
536376
536376
536385
536385
536396
536396
536415
536415
536446
536455
536456
536456
536465
536466
536475
536476
536486
536496
536496
536496
536496
536506
536506
536515
536536
536536
536536
536536
536546
536566
536576
536576
536576
536586
536596
536606
536616
536636
536646
536646
536656
536656
536657
536666
536666
536676
536686
536726
536736
536756
536756
536766
536766
536766
536776
536776
536786
536796
536797
536806
536806
536806
536816
536817
536826
536826
536837
536846
536847
536866
536867
536877
536886
536886
536886
536917
536927
536937
536947
536957
536976
536977
536977
536986
536987
536987
536987
536997
536997
537007
537026
537027
537027
537036
537037
537057
537077
537107
537107
537107
537127
537137
537147
537147
537167
537167
537177
537198
537208
537217
537217
537227
537227
537227
537227
537237
537237
537237
537247
537247
537257
537277
537287
537287
537287
537297
537298
537317
537317
537327
537347
537347
537367
537368
537378
537378
537388
537397
537397
537407
537408
537408
537427
537428
537457
537457
537468
537478
537478
537478
537478
537487
537487
537488
537488
537497
537507
537508
537518
537518
537557
537558
537558
537568
537577
537578
537578
537588
537588
537588
537608
537618
537618
537618
537618
537618
537627
537628
537628
537658
537678
537678
537678
537688
537688
537698
537698
537708
537708
537708
537718
537728
537738
537748
537749
537768
537769
537769
537778
537798
537829
537848
537848
537868
537869
537869
537888
537889
537898
537899
537908
537908
537909
537919
537938
537938
537939
537949
537949
537958
537959
537959
537959
537978
537999
538009
538009
538019
538029
538029
538029
538049
538049
538058
538058
538059
538059
538109
538119
538128
538139
538149
538159
538179
538179
538179
538179
538179
538179
538189
538199
538209
538209
538209
538219
538229
538239
538239
538239
538249
538259
538260
538269
538289
538299
538299
538300
538300
538300
538309
538319
538329
538329
538329
538330
538339
538339
538339
538339
538339
538339
538339
538350
538369
538370
538379
538390
538409
538449
538469
538480
538489
538490
538499
538510
538549
538550
538560
538560
538560
538570
538590
538610
538620
538630
538650
538660
538660
538660
538660
538670
538680
538680
538689
538690
538720
538730
538740
538740
538750
538760
538790
538821
538840
538840
538841
538850
538860
538880
538890
538900
538900
538910
538910
538920
538930
538931
538931
538941
538950
538951
538960
538961
538970
538970
538971
538990
538991
539000
539000
539020
539021
539021
539021
539030
539031
539031
539081
539091
539091
539100
539100
539101
539121
539121
539131
539131
539140
539140
539141
539151
539180
539200
539201
539201
539231
539241
539251
539251
539251
539251
539251
539251
539260
539261
539271
539271
539291
539291
539301
539311
539321
539331
539331
539372
539381
539381
539392
539421
539422
539431
539441
539441
539442
539462
539471
539472
539481
539491
539502
539541
539542
539562
539581
539582
539591
539592
539592
539601
539601
539602
539611
539612
539642
539662
539672
539692
539701
539711
539712
539732
539732
539762
539762
539802
539812
539822
539822
539822
539832
539832
539832
539852
539882
539882
539882
539933
539942
539942
539952
539963
539972
539972
539972
539982
539983
540002
540003
540012
540013
540013
540022
540032
540033
540052
540052
540053
540053
540062
540072
540093
540093
540102
540102
540122
540133
540143
540143
540143
540172
540172
540173
540173
540183
540183
540193
540202
540213
540223
540223
540223
540253
540263
540263
540272
540293
540302
540303
540303
540323
540323
540343
540353
540373
540383
540393
540403
540403
540413
540413
540423
540433
540433
540433
540433
540433
540463
540473
540484
540493
540493
540494
540494
540513
540523
540523
540544
540563
540573
540593
540603
540613
540624
540633
540633
540654
540663
540663
540714
540724
540734
540744
540754
540754
540754
540763
540773
540774
540784
540824
540824
540824
540834
540864
540874
540874
540874
540884
540884
540914
540914
540924
540934
540944
540944
540944
540954
540964
540964
540965
540975
540994
541005
541014
541014
541034
541034
541034
541044
541045
541074
541074
541084
541084
541094
541105
541105
541114
541114
541164
541214
541224
541225
541244
541245
541245
541245
541245
541245
541285
541285
541294
541305
541314
541314
541315
541345
541355
541355
541365
541375
541375
541375
541385
541385
541385
541405
541405
541425
541435
541435
541435
541435
541445
541445
541455
541465
541465
541465
541475
541475
541495
541505
541515
541575
541586
541595
541596
541605
541605
541615
541625
541636
541645
541655
541656
541656
541695
541716
541716
541716
541716
541725
541725
541735
541746
541765
541766
541775
541776
541806
541816
541816
541826
541835
541835
541836
541845
541846
541866
541866
541886
541906
541916
541926
541926
541936
541936
541946
541946
541956
541956
541956
541956
541966
541976
541976
541976
541986
542006
542006
542006
542006
542017
542026
542026
542026
542046
542046
542046
542056
542066
542067
542086
542086
542096
542106
542116
542116
542126
542126
542146
542146
542157
542166
542186
542207
542237
542247
542266
542267
542277
542277
542287
542287
542287
542296
542307
542347
542357
542407
542407
542407
542417
542417
542417
542427
542437
542447
542447
542457
542467
542477
542488
542497
542507
542547
542557
542557
542577
542577
542587
542587
542607
542607
542608
542618
542618
542627
542667
542677
542687
542688
542697
542697
542717
542718
542737
542737
542737
542738
542747
542747
542748
542767
542777
542777
542778
542778
542788
542798
542818
542827
542828
542838
542848
542848
542867
542868
542868
542908
542908
542918
542928
542938
542958
542958
543038
543038
543048
543048
543048
543058
543058
543059
543068
543118
543118
543128
543129
543138
543148
543158
543158
543178
543198
543208
543218
543239
543248
543259
543268
543269
543289
543298
543309
543309
543329
543329
543329
543359
543369
543408
543409
543418
543429
543429
543449
543459
543479
543499
543509
543509
543509
543519
543519
543529
543529
543539
543539
543539
543549
543549
543549
543560
543569
543579
543579
543599
543599
543599
543659
543669
543670
543679
543679
543679
543680
543689
543689
543699
543729
543740
543749
543759
543769
543769
543780
543820
543830
543840
543840
543859
543869
543910
543920
543970
543970
543980
544000
544010
544020
544020
544030
544039
544040
544040
544050
544060
544080
544080
544100
544110
544150
544170
544180
544200
544210
544230
544230
544241
544250
544250
544251
544271
544280
544280
544290
544310
544320
544341
544360
544370
544371
544381
544381
544390
544411
544421
544461
544461
544471
544501
544501
544521
544531
544541
544591
544601
544611
544611
544631
544651
544651
544661
544671
544681
544691
544731
544741
544742
544751
544762
544771
544771
544781
544782
544811
544811
544841
544842
544851
544862
544871
544881
544922
544942
544961
544972
544981
544981
544992
545001
545011
545031
545031
545032
545042
545052
545072
545072
545082
545082
545092
545102
545112
545112
545122
545152
545162
545172
545192
545192
545212
545213
545223
545232
545242
545242
545252
545263
545272
545273
545282
545292
545292
545292
545293
545293
545312
545323
545332
545352
545362
545392
545393
545403
545403
545413
545433
545442
545443
545443
545453
545463
545493
545513
545543
545543
545583
545583
545603
545623
545623
545633
545643
545643
545643
545673
545683
545683
545693
545693
545703
545713
545713
545723
545723
545733
545753
545753
545753
545763
545803
545834
545843
545854
545863
545863
545864
545884
545913
545924
545934
545934
545944
545964
545983
545983
545984
546004
546014
546044
546053
546064
546074
546083
546093
546094
546194
546254
546254
546264
546274
546295
546295
546304
546314
546314
546324
546324
546344
546364
546374
546374
546384
546384
546435
546444
546465
546465
546475
546484
546485
546485
546524
546524
546535
546535
546535
546574
546584
546585
546595
546615
546625
546635
546645
546665
546685
546695
546725
546725
546735
546745
546755
546766
546775
546775
546795
546805
546846
546865
546875
546915
546956
546966
546975
546986
547005
547006
547016
547035
547036
547045
547066
547086
547086
547096
547135
547156
547156
547165
547166
547176
547176
547186
547186
547266
547296
547296
547296
547306
547316
547326
547337
547346
547346
547366
547367
547396
547426
547427
547437
547446
547456
547466
547476
547486
547497
547506
547507
547547
547547
547566
547576
547586
547587
547597
547616
547617
547647
547667
547677
547707
547707
547747
547747
547767
547777
547777
547787
547797
547797
547817
547827
547827
547827
547847
547847
547847
547847
547867
547897
547897
547917
547928
547947
547967
547997
547997
548008
548017
548017
548018
548027
548028
548037
548058
548067
548078
548088
548098
548098
548098
548118
548128
548128
548138
548138
548147
548157
548168
548178
548188
548208
548228
548328
548348
548358
548388
548398
548409
548428
548448
548458
548478
548508
548518
548518
548548
548549
548559
548589
548598
548609
548619
548619
548628
548658
548659
548688
548688
548688
548709
548728
548729
548739
548739
548749
548749
548798
548819
548869
548879
548879
548889
548899
548909
548929
548939
548939
548939
548949
548969
549000
549009
549009
549019
549019
549029
549029
549040
549059
549069
549070
549130
549130
549139
549140
549140
549190
549190
549199
549230
549230
549239
549250
549270
549310
549340
549350
549360
549370
549380
549390
549420
549460
549510
549521
549540
549540
549570
549570
549600
549611
549620
549621
549660
549660
549690
549690
549691
549700
549701
549710
549710
549721
549730
549730
549741
549750
549791
549801
549801
549821
549821
549830
549831
549831
549841
549861
549891
549901
549911
549971
549971
549981
549981
549991
550031
550032
550041
550041
550071
550091
550131
550141
550151
550161
550162
550172
550181
550201
550202
550211
550221
550222
550231
550241
550241
550252
550262
550271
550272
550321
550352
550372
550402
550422
550422
550432
550442
550462
550462
550482
550482
550523
550532
550542
550543
550552
550552
550553
550622
550622
550632
550632
550662
550662
550722
550723
550732
550742
550773
550793
550802
550832
550852
550853
550863
550873
550883
550883
550912
550923
550963
550993
550993
550993
551003
551013
551023
551033
551043
551063
551063
551113
551133
551153
551153
551183
551203
551233
551264
551313
551323
551333
551343
551374
551384
551424
551433
551444
551453
551484
551494
551514
551524
551534
551544
551554
551584
551594
551614
551625
551674
551684
551744
551744
551754
551775
551825
551835
551844
551855
551865
551865
551865
551875
551895
551895
551895
551895
551924
551944
551955
551955
551965
551975
551975
551975
551985
552004
552015
552035
552035
552045
552055
552065
552075
552075
552125
552135
552146
552175
552196
552215
552265
552285
552306
552315
552366
552375
552376
552395
552426
552446
552486
552506
552526
552545
552566
552576
552576
552586
552616
552626
552636
552636
552666
552676
552696
552727
552746
552756
552756
552767
552796
552806
552816
552816
552827
552887
552897
552897
552927
552936
552937
552947
552977
552997
553007
553007
553027
553037
553037
553047
553097
553107
553107
553147
553157
553157
553177
553178
553217
553227
553228
553277
553277
553278
553287
553287
553288
553317
553327
553327
553328
553348
553348
553368
553378
553387
553387
553388
553398
553408
553408
553447
553477
553507
553508
553527
553538
553558
553558
553597
553608
553608
553618
553618
553658
553658
553668
553668
553698
553708
553728
553748
553748
553768
553788
553809
553818
553819
553828
553839
553848
553878
553898
553899
553928
553959
553978
553989
554009
554009
554018
554029
554048
554049
554059
554109
554159
554169
554209
554249
554249
554289
554299
554319
554319
554359
554360
554370
554400
554430
554499
554539
554539
554540
554559
554589
554589
554590
554590
554600
554620
554620
554620
554639
554650
554659
554660
554660
554710
554720
554730
554740
554740
554750
554770
554770
554820
554840
554851
554890
554890
554891
554891
554920
554920
554930
554930
554981
554990
555031
555111
555161
555181
555181
555211
555261
555261
555271
555271
555281
555311
555321
555321
555331
555411
555432
555451
555471
555471
555472
555482
555491
555531
555542
555562
555562
555571
555572
555582
555612
555632
555642
555651
555702
555702
555722
555732
555742
555812
555822
555842
555882
555902
555912
555912
555933
555933
555952
555952
555952
555953
555992
556003
556023
556032
556043
556072
556073
556082
556092
556092
556102
556103
556123
556133
556173
556213
556253
556283
556283
556293
556353
556353
556353
556363
556373
556383
556383
556393
556443
556453
556463
556463
556473
556473
556483
556503
556563
556573
556584
556604
556664
556693
556724
556744
556754
556754
556764
556784
556784
556784
556803
556814
556823
556824
556844
556853
556864
556884
556884
556894
556904
556944
556954
556964
556974
557005
557014
557014
557024
557045
557054
557064
557074
557095
557124
557125
557165
557165
557184
557205
557205
557255
557255
557285
557294
557295
557344
557345
557375
557395
557395
557435
557455
557465
557465
557475
557495
557505
557505
557535
557545
557566
557595
557665
557665
557686
557686
557686
557726
557735
557746
557746
557766
557796
557816
557816
557826
557876
557886
557906
557916
557926
557996
557996
557996
557997
558006
558006
558016
558036
558096
558106
558126
558136
558156
558196
558247
558296
558317
558337
558357
558357
558357
558357
558377
558427
558436
558487
558518
558527
558537
558538
558557
558577
558617
558618
558618
558628
558637
558638
558648
558687
558697
558697
558737
558738
558748
558758
558767
558817
558887
558918
558937
558948
558968
558978
558978
558998
558998
559018
559018
559018
559028
559109
559118
559128
559129
559139
559158
559159
559178
559188
559199
559208
559209
559219
559219
559279
559299
559308
559329
559349
559358
559358
559368
559379
559469
559469
559479
559489
559499
559519
559529
559539
559559
559599
559599
559619
559629
559629
559650
559659
559669
559770
559779
559799
559820
559869
559880
559889
559910
559910
559920
559940
559940
559950
559990
559999
560010
560020
560030
560030
560050
560050
560050
560110
560130
560160
560181
560230
560240
560250
560261
560270
560270
560271
560281
560300
560310
560330
560330
560331
560331
560340
560340
560350
560360
560370
560380
560401
560421
560430
560451
560460
560471
560471
560481
560481
560481
560531
560561
560571
560581
560601
560601
560611
560621
560641
560641
560721
560721
560752
560772
560772
560812
560831
560841
560851
560851
560902
560922
560922
560951
560962
560982
560982
561031
561092
561102
561102
561102
561112
561122
561131
561132
561162
561182
561183
561262
561272
561273
561292
561393
561423
561423
561443
561462
561483
561483
561532
561543
561543
561553
561562
561603
561613
561623
561623
561633
561653
561663
561663
561663
561724
561733
561753
561783
561803
561813
561824
561834
561854
561863
561873
561883
561884
561893
561903
561934
561984
562044
562044
562094
562094
562094
562124
562124
562134
562154
562174
562184
562204
562204
562214
562224
562234
562234
562264
562264
562264
562274
562274
562304
562315
562325
562344
562345
562355
562374
562374
562385
562394
562404
562405
562435
562435
562455
562465
562485
562555
562575
562625
562625
562644
562644
562654
562665
562685
562715
562715
562745
562745
562765
562775
562785
562795
562815
562835
562846
562855
562865
562915
562926
562945
562955
562965
563026
563036
563046
563055
563056
563065
563066
563086
563096
563116
563125
563126
563175
563266
563266
563276
563286
563306
563336
563366
563386
563406
563416
563416
563426
563466
563506
563507
563517
563526
563557
563577
563587
563597
563597
563616
563627
563636
563637
563676
563707
563737
563757
563777
563787
563797
563797
563807
563857
563878
563887
563907
563957
563967
563977
563987
563998
564028
564057
564058
564058
564058
564058
564087
564097
564107
564138
564167
564178
564198
564207
564208
564228
564247
564248
564258
564278
564288
564368
564378
564388
564408
564408
564418
564438
564448
564448
564448
564458
564479
564489
564508
564529
564578
564588
564588
564629
564639
564649
564659
564669
564679
564698
564749
564779
564809
564839
564849
564869
564889
564899
564899
564919
564950
564989
565009
565040
565060
565079
565089
565089
565090
565099
565120
565170
565170
565179
565209
565210
565229
565230
565249
565270
565270
565270
565289
565300
565300
565310
565320
565330
565330
565330
565350
565370
565410
565420
565450
565450
565470
565480
565480
565490
565510
565540
565541
565550
565550
565560
565561
565590
565591
565620
565631
565681
565731
565731
565731
565761
565771
565871
565891
565931
565941
565971
565971
566001
566031
566041
566051
566091
566101
566122
566161
566191
566201
566202
566261
566342
566362
566381
566402
566442
566442
566482
566492
566502
566522
566542
566553
566572
566622
566622
566632
566642
566652
566682
566692
566732
566782
566782
566792
566792
566803
566823
566823
566843
566873
566903
566932
566933
566952
566953
566973
567003
567003
567003
567013
567053
567053
567073
567153
567154
567154
567163
567193
567203
567204
567213
567274
567274
567284
567303
567323
567324
567333
567333
567354
567383
567384
567384
567414
567434
567443
567444
567444
567464
567464
567473
567494
567574
567574
567634
567664
567694
567744
567754
567764
567785
567794
567814
567925
567934
567935
567955
567984
567995
568015
568045
568045
568055
568075
568085
568115
568136
568145
568145
568155
568175
568225
568245
568246
568285
568296
568315
568325
568326
568346
568355
568405
568406
568455
568466
568505
568526
568535
568546
568556
568576
568586
568596
568626
568636
568646
568656
568656
568686
568686
568716
568726
568806
568807
568826
568857
568897
568907
568907
568917
568937
568966
568967
568977
568987
569007
569057
569077
569106
569107
569117
569127
569147
569147
569157
569167
569187
569197
569227
569227
569237
569238
569288
569327
569358
569358
569378
569387
569397
569417
569458
569468
569488
569518
569528
569538
569628
569628
569628
569648
569668
569698
569708
569778
569778
569789
569798
569839
569839
569848
569888
569908
569918
569919
569929
569988
569999
570008
570049
570109
570109
570129
570139
570139
570159
570179
570189
570189
570199
570209
570219
570280
570309
570309
570319
570360
570379
570410
570429
570429
570429
570469
570520
570529
570530
570530
570540
570540
570549
570580
570600
570670
570670
570730
570740
570750
570750
570750
570810
570811
570820
570851
570860
570870
570880
570920
570950
571000
571040
571041
571061
571071
571101
571101
571110
571131
571160
571171
571181
571190
571211
571271
571281
571281
571291
571301
571421
571421
571441
571441
571452
571471
571492
571502
571521
571532
571561
571562
571581
571612
571622
571631
571662
571691
571692
571721
571742
571772
571792
571842
571852
571852
571872
571882
571902
571932
571942
571973
572022
572093
572103
572123
572123
572153
572162
572183
572233
572253
572273
572343
572373
572393
572413
572433
572473
572493
572513
572513
572534
572553
572593
572594
572613
572663
572723
572724
572743
572744
572774
572834
572864
572874
572874
572904
572964
572985
573025
573054
573095
573115
573134
573144
573164
573185
573195
573204
573275
573294
573315
573365
573385
573395
573415
573425
573445
573506
573515
573565
573566
573626
573635
573645
573705
573706
573726
573735
573745
573796
573835
573916
573916
573926
573956
573966
573966
573976
574006
574016
574057
574066
574077
574226
574227
574276
574277
574277
574287
574297
574317
574327
574337
574346
574366
574387
574406
574437
574437
574467
574507
574578
574597
574677
574717
574728
574747
574747
574778
574818
574827
574827
574838
574847
574848
574868
574888
574888
574897
574907
574908
574908
574918
574928
574948
575018
575028
575118
575148
575158
575208
575229
575238
575249
575258
575259
575268
575268
575269
575328
575358
575369
575429
575449
575468
575478
575489
575489
575509
575509
575579
575589
575629
575679
575699
575739
575740
575820
575910
575919
575919
575940
575989
575990
576000
576040
576080
576080
576100
576140
576191
576250
576271
576321
576341
576351
576360
576371
576380
576381
576391
576420
576431
576431
576470
576480
576501
576510
576520
576541
576551
576551
576591
576591
576591
576611
576611
576621
576621
576711
576731
576741
576781
576801
576842
576851
576861
576881
576902
576921
576932
576942
576952
576992
576992
577112
577152
577172
577212
577212
577232
577242
577272
577273
577282
577342
577343
577373
577492
577492
577503
577513
577573
577593
577593
577603
577613
577663
577663
577713
577723
577723
577723
577743
577743
577753
577783
577813
577823
577843
577853
577894
577913
577944
577964
577983
578024
578044
578054
578114
578114
578144
578174
578244
578244
578264
578264
578304
578335
578344
578344
578364
578395
578404
578444
578464
578474
578524
578524
578554
578565
578594
578625
578635
578645
578695
578695
578705
578765
578775
578805
578805
578805
578805
578825
578835
578835
578846
578875
578885
578905
578955
578955
578976
578976
579115
579136
579146
579186
579205
579216
579216
579226
579236
579256
579256
579297
579336
579346
579397
579416
579437
579456
579456
579486
579497
579557
579566
579567
579597
579646
579647
579657
579687
579727
579807
579837
579838
579867
579887
579917
579977
580018
580027
580048
580098
580108
580178
580198
580198
580208
580288
580298
580298
580308
580328
580328
580388
580388
580388
580428
580429
580438
580508
580528
580548
580589
580619
580689
580729
580769
580778
580779
580789
580789
580829
580839
580869
580879
580889
580889
580899
580939
581060
581079
581110
581179
581190
581260
581310
581319
581360
581460
581490
581490
581510
581550
581570
581571
581600
581611
581680
581740
581791
581861
581871
581901
581901
581961
582002
582012
582031
582031
582041
582121
582131
582141
582162
582212
582272
582412
582432
582452
582482
582532
582532
582612
582683
582722
582773
582782
582793
582812
582822
582823
582853
582893
582893
582943
582953
583073
583143
583224
583243
583274
583344
583353
583364
583393
583404
583444
583453
583454
583464
583504
583594
583594
583614
583614
583645
583654
583684
583694
583694
583704
583735
583745
583774
583784
583785
583785
583794
583825
583854
583854
583965
583985
583985
584015
584045
584075
584105
584175
584186
584195
584225
584235
584295
584335
584346
584435
584456
584495
584516
584516
584566
584566
584626
584636
584646
584686
584696
584707
584726
584746
584767
584787
584816
584816
584867
584896
584946
584957
584967
584977
585057
585087
585187
585207
585267
585277
585307
585317
585337
585398
585427
585448
585468
585528
585558
585558
585578
585588
585598
585688
585728
585758
585768
585788
585808
585878
585919
585968
585969
586009
586019
586029
586049
586089
586159
586290
586330
586359
586360
586380
586399
586419
586419
586529
586530
586539
586590
586720
586750
586790
586791
586900
586901
586920
586931
586950
586950
586961
586961
586981
586991
587031
587051
587071
587081
587091
587110
587150
587151
587151
587190
587220
587251
587271
587361
587381
587431
587462
587531
587592
587601
587652
587692
587722
587772
587802
587842
587862
587883
587892
587932
587932
587962
587963
588063
588092
588103
588132
588143
588173
588232
588443
588493
588493
588573
588573
588594
588603
588614
588644
588653
588664
588704
588734
588744
588764
588764
588994
589095
589115
589135
589184
589204
589224
589224
589234
589285
589304
589305
589305
589324
589335
589485
589495
589496
589505
589516
589525
589555
589656
589766
589766
589816
589816
589846
589846
589856
589896
589906
589946
589956
590056
590096
590126
590126
590157
590226
590237
590277
590287
590326
590376
590477
590507
590598
590627
590727
590877
590908
590908
590938
591068
591069
591078
591118
591169
591179
591258
591359
591399
591419
591419
591569
591660
591750
591800
591840
591869
591869
591910
592070
592110
592120
592171
592190
592210
592221
592260
592281
592400
592411
592440
592441
592451
592540
592551
592571
592641
592731
592801
592821
592822
593032
593152
593162
593172
593253
593353
593533
593572
593582
593653
593744
593803
593834
593853
593944
594043
594164
594184
594194
594204
594244
594304
594414
594424
594444
594475
594545
594665
594765
594775
594775
594886
594955
595045
595075
595096
595106
595135
595156
595165
595176
595236
595246
595276
595306
595307
595427
595476
595496
595607
595636
595656
595657
595697
595707
595717
595857
595927
595967
596038
596077
596098
596148
596188
596268
596278
596287
596338
596338
596348
596348
596469
596489
596548
596658
596699
596749
596789
596789
596809
596839
596889
597049
597090
597139
597179
597200
597249
597320
597360
597410
597450
597480
597550
597631
597710
597740
597750
597761
597780
597811
597841
597851
597991
598021
598041
598042
598071
598081
598101
598282
598392
598502
598552
598572
598592
598613
598723
598753
598763
598893
599013
599073
599263
599284
599343
599514
599774
599814
599884
599935
600045
600185
600205
600275
600295
600306
600366
600406
600476
600525
600576
600746
600756
600806
600926
601037
601057
601087
601097
601107
601147
601167
601247
601417
601428
601457
601488
601558
601588
601698
601738
601898
601909
601949
601979
602019
602109
602149
602159
602159
602169
602178
602219
602219
602269
602309
602310
602319
602359
602369
602389
602400
602420
602730
602750
602760
602930
602990
603000
603011
603020
603161
603221
603241
603261
603281
603291
603291
603401
603431
603431
603552
603582
603671
603702
603762
603772
603832
603862
603892
603952
603972
604093
604133
604222
604222
604253
604283
604293
604373
604484
604563
604623
604654
604684
604764
604794
604844
604944
604954
605014
605034
605035
605035
605064
605085
605175
605245
605305
605315
605345
605375
605555
605796
605826
605836
605846
605956
606176
606276
606296
606347
606347
606417
606477
606508
606557
606567
606607
606657
606678
606718
606727
606747
606758
606758
606817
606907
606988
606988
607078
607158
607218
607289
607339
607469
607488
607649
607760
607780
607799
607800
607849
607900
608200
608200
608210
608210
608271
608340
608390
608471
608560
608571
608591
608621
608702
608711
608721
608731
608751
608801
608851
608852
608901
608931
608962
608962
609012
609021
609022
609092
609092
609182
609222
609232
609332
609462
609593
609673
609773
609783
609863
609863
609883
609903
609964
610004
610063
610064
610164
610204
610214
610224
610254
610274
610434
610725
610775
610835
610865
610905
610915
610925
610955
610996
611075
611096
611196
611306
611306
611396
611406
611416
611436
611527
611536
611547
611547
611647
611687
611707
611747
611767
611777
611877
611947
611967
611988
611997
612007
612088
612098
612158
612238
612238
612278
612308
612408
612548
612549
612609
612619
612689
612708
612729
612789
612819
612889
612899
613070
613129
613139
613190
613310
613339
613390
613460
613490
613650
613750
613951
613971
614011
614231
614362
614402
614482
614663
614693
614813
614882
614892
614913
614923
614983
615073
615134
615194
615203
615223
615373
615504
615544
615665
615724
615734
615745
615754
615824
615955
616245
616255
616265
616536
616566
616576
616576
616626
616676
616697
616726
616826
616847
616896
616967
616967
616997
617137
617248
617257
617277
617297
617347
617417
617417
617428
617437
617688
617808
617859
617869
617888
617909
617939
617979
617989
618199
618269
618359
618429
618470
618590
618740
619031
619040
619111
619261
619281
619291
619361
619382
619451
619461
619692
619722
619822
620022
620042
620213
620263
620474
620584
620654
620704
620944
620975
620994
621144
621185
621255
621295
621305
621305
621425
621475
621505
621575
621625
621635
621646
621806
621876
621966
622116
622126
622167
622256
622307
622327
622387
622447
622657
622768
622827
622847
622868
623158
623189
623238
623318
623398
623519
623739
623759
623879
623880
623979
624000
624020
624140
624290
624371
624431
624521
624601
624791
624871
625372
625562
625573
625843
625944
625963
625984
626003
626124
626154
626625
626675
626755
626885
627066
627075
627116
627156
627236
627556
627567
627617
627697
627867
628018
628018
628037
628108
628318
628408
628408
628608
628719
629029
629099
629199
629330
629360
629390
629550
629760
629781
629971
630161
630251
630281
630322
630422
630472
630502
630532
630562
630923
631033
631173
631244
631474
631594
631715
631915
632025
632115
632236
632366
632366
632736
632746
632967
633197
633247
633287
633307
633438
633598
633768
633849
633928
634008
634019
634029
634078
634309
634449
634460
634500
634580
634669
634780
635210
635341
635492
635522
635682
635682
635782
636493
636533
636553
636604
636784
636924
636964
636975
637004
637074
637215
637345
637546
637615
637846
637916
637997
638056
638057
638177
638197
638377
638477
638868
638968
639038
639209
639268
639318
639379
639549
639629
639739
639839
640070
640120
640410
640441
640471
640521
640681
640801
640821
640832
640991
640992
640992
641032
641112
641202
641272
641392
641503
641683
641703
641733
641784
641863
642083
642144
642264
642695
642745
642856
642866
642945
643076
643086
643086
643106
643246
643316
643506
643516
643536
643597
643607
643907
643947
644117
644197
644237
644668
644709
644829
644829
644869
644970
645009
645320
645480
645650
645741
645801
645830
646262
646302
646392
646422
646482
646853
646973
646993
647043
647063
647093
647133
647394
647454
647544
647554
647704
647744
647774
647795
647804
648014
648025
648095
648385
648396
648396
648606
648606
648676
648716
648726
648746
648766
648836
649007
649047
649127
649157
649578
649888
649999
650008
650038
650138
650199
650209
650299
650329
650419
650580
650840
650850
651151
651401
651501
651612
651782
651802
651832
652172
652643
652894
652994
653004
653325
653435
653455
653565
653645
653696
653716
653876
654076
654076
654206
654257
654778
654818
654838
654878
655028
655249
655319
655379
655419
655458
655549
655599
655670
655690
655940
656230
656291
656300
656351
656421
656440
656450
656451
656601
656771
657001
657011
657042
657273
657442
657543
657633
657773
657804
657823
657823
657883
657993
658244
658355
658364
658545
658585
658825
658845
659386
659406
659437
659496
659706
659707
659777
659837
659937
659957
660107
660518
660638
660759
660768
660789
660889
661059
661140
661240
661269
661270
661420
661760
661830
661891
661931
662001
662061
662773
662893
662912
663694
663705
663824
664095
664236
664255
664426
664465
664476
664887
665237
665318
665597
665617
665819
666059
666118
666409
666439
666490
666550
666599
666740
667050
667061
667661
667682
667822
667872
668383
668433
668463
668543
668603
668614
668774
668804
668914
668934
669005
669095
669154
669244
669565
669746
669796
670066
670166
670237
670327
670477
670668
670688
670848
670858
671218
671488
671549
671589
671980
672020
672120
672180
672210
672220
672370
672481
672521
672541
672812
673172
673363
673373
673482
673673
673743
674074
674594
674625
674805
674885
675226
675396
675437
675516
675617
675827
676038
676057
676118
676278
676378
676408
676478
676509
676598
676699
677230
677290
677330
677350
677541
677611
677620
677871
677951
678031
678442
678442
678612
678793
678813
678893
678943
678943
678963
678993
679023
679103
679223
679273
679314
679354
679364
679474
679574
679824
679895
679945
680075
680115
680305
680415
680837
680866
680937
680977
681347
681368
681507
681809
682119
682129
682139
682209
682310
682319
682359
682790
683081
683321
683551
683641
683651
683982
684123
684182
684283
684343
684463
684463
684503
684714
684734
684954
684974
685024
685105
685395
685395
685415
685435
685475
685556
685566
685695
685766
685845
686036
686116
686216
686287
686317
686347
686347
686628
686827
686908
686928
687028
687239
687399
687449
687469
687740
687960
687980
688020
688020
688070
688180
688240
688250
688501
688531
688651
688721
688752
688982
689012
689042
689192
689272
689382
689433
689452
689683
689793
689883
689893
689913
689944
689994
690013
690064
690203
690294
690354
690524
690564
690664
690685
690815
690855
690956
691066
691196
691236
691276
691917
692058
692237
692297
692368
692448
692679
692949
693120
693430
693580
693600
693890
694092
694092
694311
694322
694622
694663
694673
694723
694803
694822
694923
695013
695233
695294
695424
695474
695554
695734
695925
696115
696576
696616
696626
696777
696847
696866
697147
697157
697277
697378
697418
697558
697658
697698
697708
697868
697988
698009
698049
698089
698169
698259
698680
698700
698810
698860
698870
699011
699081
699111
699261
699812
700053
700233
700363
700464
700563
700654
701255
701646
701735
701896
701905
701926
702256
702698
702938
702938
703038
703058
703108
703339
703388
703489
703609
703620
703800
703809
703910
703939
703940
704100
704181
704210
704370
704431
704481
704761
704771
704781
705112
705121
705222
705283
705412
705433
705934
706003
706094
706164
706264
706274
706354
706554
706595
706635
706905
707166
707306
707386
707527
707537
707877
707907
707967
708027
708037
708368
708478
708478
708749
708889
709099
709270
709370
709400
709440
709621
709680
709680
709741
709841
709991
710172
710522
710632
711003
711013
711143
711194
711233
711293
711484
711514
711604
711805
712135
712345
712386
712406
712426
712466
712506
712766
712776
712927
712936
713167
713307
713428
713507
713838
713859
714028
714229
714359
714479
714700
714700
714820
714981
715031
715111
715231
715662
715672
715732
716093
716093
716112
716243
716363
716393
716554
716854
716964
717144
717254
717264
717275
717294
717465
717616
717665
717696
717946
718146
718166
718247
718307
718497
718687
718737
718968
719128
719128
719599
719709
719839
720000
720701
720832
720941
720972
720992
721031
721262
721412
721433
721533
721833
722074
722244
722394
722424
722655
722955
723156
723597
723827
723997
724007
724037
724278
724308
724328
724478
724579
724608
724839
724919
725260
725299
725390
725501
725671
725941
725991
726031
726161
726272
726603
726622
726702
726713
726772
726802
726803
726852
726913
726983
727003
727084
727334
727343
727554
727624
728025
728326
728375
728446
728456
728465
728486
728576
728746
728747
728756
728957
729037
729057
729297
729428
729517
729648
729929
729949
730810
730920
730960
731331
731411
731421
731431
731671
731701
731882
732103
732283
732293
732524
732623
732654
732664
732854
732904
733095
733144
733265
733315
733325
733445
733605
733605
733625
734317
734547
734577
734868
734928
734928
735018
735539
735759
735800
736000
736361
736380
736901
736901
737102
737102
737563
737874
738003
738043
738163
738224
738294
738314
738414
738424
738494
738574
738895
739025
739136
739346
739366
739596
739747
740027
740098
740118
740288
740839
741019
741079
741150
741180
741210
741279
741300
741670
741820
742231
742552
742632
742632
742752
742843
742973
743183
743193
743263
743293
743463
743574
743584
743604
743775
743824
743865
743935
744065
744646
744957
745006
745257
745257
745648
745708
745738
745748
745829
746059
746640
746970
747170
747211
747371
747552
747802
748133
748503
748864
748924
748984
749014
749204
749465
749515
749566
750067
750246
750357
750567
750577
751279
751399
751479
751539
751579
751649
751990
752080
752391
753012
753041
753122
753322
753783
753913
753953
754053
754084
754685
754785
754805
754956
755036
755086
755126
755316
755336
755386
755977
756018
756208
756378
756448
756558
756769
756769
756909
756989
757099
757190
757280
757500
757531
757920
758101
758151
758181
758302
758381
758422
758502
758672
758742
759484
759554
759694
759714
759794
760195
760245
760706
761457
761468
761487
761958
761978
762149
762209
762279
762500
762579
762610
762660
762670
762880
763582
764002
764444
764593
765085
765125
765375
765465
765566
765806
766887
767018
767059
767278
767329
768130
768220
768360
768681
768821
769563
769573
769743
770003
770073
771125
771296
772087
772558
772759
773139
773209
773260
773610
773861
774061
774201
774672
774682
775043
775073
775294
775654
776105
776215
776415
776516
776997
777177
777247
777287
777517
777678
777718
777939
777998
778058
778229
778259
778310
778359
778489
778539
778610
778750
778830
779602
780303
780323
780333
780433
780804
781104
781154
781165
781475
781956
782277
782417
782427
782487
782648
782667
782687
782857
783228
783238
783318
783779
783789
783969
784531
784540
784661
784711
784751
784771
785383
785432
785653
786094
786154
786214
786314
786555
786615
786665
787126
787256
787486
787487
787687
787877
788157
788178
788248
788588
788738
789009
789340
789419
789611
789681
789811
790252
790662
790713
790852
791023
791183
791203
791243
791244
791824
791864
792115
792315
792626
792967
792987
793027
793267
793398
793628
793718
794370
794430
794470
794639
794960
795812
795922
796113
796343
796373
796373
796654
796774
797175
797295
797305
797445
797525
797806
797976
798076
798347
798527
798527
798768
798878
799078
799549
799750
800010
800170
800340
801283
801613
801623
801944
802224
802385
802454
802805
802825
803506
803517
803716
803777
804127
804458
804869
805079
805289
805359
805651
805810
805831
806311
806602
806692
806692
806822
807103
807193
807404
807514
807814
808686
808866
808967
810018
810079
810219
810459
810599
810600
811030
811111
811211
811361
811402
811461
811522
811762
812073
812102
812273
812713
813105
813315
813365
813485
814276
814657
814888
815028
815098
815168
815248
815509
815900
816280
816310
816430
816591
817082
817292
817493
817653
818174
818375
818384
818475
819045
819116
819216
819286
819346
819456
819466
819927
820207
820257
820388
820498
820578
820738
820869
821100
821861
821931
821971
821991
822112
822742
822793
823463
824185
824295
824606
824776
825107
825407
825528
825858
825858
826048
826068
826720
827171
827592
827702
827712
827782
828082
828092
828574
829105
829645
830908
831198
831199
831860
831930
832300
832521
832551
832661
833222
833402
834244
834895
835086
835216
835477
835837
836198
836258
836408
836558
836849
836919
837040
837570
837741
837750
837761
837991
838301
838963
839433
839714
840045
840546
840727
841528
841558
841647
841738
841858
842239
842310
842880
842941
842990
843712
843772
843932
843942
844142
844794
844964
845706
846146
846206
846296
846337
846437
847268
847499
847609
848711
849332
850033
850194
850264
850274
850414
850565
850724
850785
851105
851116
851136
851326
851377
851616
851667
851737
851977
852157
852338
853089
853289
854061
855944
856255
856526
856686
856697
856827
857417
857688
858138
858519
858650
858740
859060
859221
859572
859982
860172
860864
861986
862116
862236
862277
862738
863148
863249
863839
863890
864000
864180
864300
864751
865423
866294
866404
866454
866655
867497
869190
869470
869541
869821
869901
869981
870031
870091
870211
870783
871394
871574
872296
872386
872826
873919
874349
875191
875552
875582
876543
876553
876563
877715
878327
879298
879419
879569
879990
880351
880942
881032
881813
882494
882655
882895
883025
883576
883626
883687
884368
884679
884849
884979
885079
885791
886573
886752
887033
888155
889017
889728
891762
891862
892653
892834
892964
893314
893576
894617
895038
895328
895779
895820
897332
897622
898555
899868
900588
900708
901260
901430
902422
902792
903193
904416
905378
906560
906609
907311
908153
908453
909205
909595
909696
910267
910717
912631
913212
913923
914043
914414
914644
915687
916328
916699
916829
919273
919885
920766
920846
922820
922850
923000
923631
924543
924964
929021
929232
929512
930355
930604
931276
931716
932268
937918
940062
940433
941976
944300
945392
945632
946515
947646
948579
949540
950151
950863
951654
952245
953126
953478
953488
954650
954911
954990
957145
957746
958427
960450
960751
960911
963005
963827
965390
967203
967254
971141
971301
971501
971521
973034
973475
973635
974077
974597
976991
977302
978344
980047
981029
981651
982491
987091
989114
989324
993743
995256
995356
1002389
1002659
1003411
1004183
1008390
1011907
1017688
1020033
1023719
1031314
1032256
1034830
1040170
1040561
1047674
1048415
1059025
1072771
1077389
1077680
1083451
1084914
1087659
1092788
1101124
1106024
1106775
1108378
1109440
1111414
1113427
1116554
1118327
1120741
1127333
1134427
1134788
1136551
1140047
1144746
1146680
1148223
1151249
1151839
1155466
1166607
1167509
1168291
1174171
1185663
1202074
1220689
1230587
1246016
1261656
1270191
1279579
1287043
1289497
1313884
1321187
1325004
1327489
1328220
1340924
1368907
1383183
1464506
1526792
1673999
2008235
