615504
602400
788738
753913
756769
628608
737102
995356
594444
648716
703609
612098
611647
675437
1084914
621185
610434
551534
559799
549841
528211
531096
535234
538239
524824
547847
616967
547967
761487
559178
539100
544981
537658
540523
594955
542788
732854
547947
538970
559910
550241
559629
538510
589184
705222
539832
546524
543298
551674
556043
544421
776415
551133
534031
544461
538229
545633
541966
539261
744646
608390
585598
544841
540874
547847
552756
535134
538449
539030
711013
547366
537608
541385
534012
541435
700363
536215
541835
572393
535834
538750
541014
540053
533770
551875
539581
538499
774061
536997
525165
544280
530956
535403
528511
662893
643106
739747
694803
690855
978344
678893
669244
582893
610254
534072
571662
544250
538350
728746
551594
549570
590727
535845
538841
542677
657883
522791
535283
560982
534913
584175
549971
552426
604093
567574
755336
538660
524773
658585
568646
570319
554109
543329
534482
522310
530284
520887
526858
571742
521498
528311
520205
751539
528341
518071
526567
515486
687239
528000
535835
532789
525635
523873
529633
532739
523472
616265
559519
528652
541976
530184
534382
531526
531337
820869
528932
589846
542908
574467
572774
523852
828574
532448
533671
609903
542046
533490
534152
524784
541245
523421
531266
522479
588443
530925
520686
524042
530174
530575
709991
525976
519614
580018
540353
528190
521848
774201
533551
525125
531697
524374
593162
586419
533770
540202
528341
529122
685105
543309
573185
621635
579256
718307
547867
539251
541044
536756
542958
540093
595707
553608
556082
548559
549830
954911
572513
580429
630532
596077
587091
667661
598071
591569
609863
607158
640992
811111
608200
603952
588594
592070
579807
589485
798878
579216
572874
564989
556463
552947
544531
543859
531777
570670
536306
520556
526968
533380
631715
526447
517250
526717
563116
532488
530394
698009
533521
521337
531927
570008
545011
588764
578805
562264
574006
578054
847499
533450
531717
528992
584516
534843
522720
782487
562234
554059
604654
558317
528641
816430
528972
523421
524112
516489
536726
522339
648606
557074
526197
529392
519354
525415
517110
655458
520917
519564
522409
557475
567764
517982
525014
527379
642083
533861
518583
530454
561623
529322
520245
529002
536997
526116
536065
519374
527448
557816
679023
529983
521919
522901
514565
551524
697378
530003
569327
522018
525084
520526
521077
767018
525746
531467
525465
522138
576080
535854
717465
541245
526036
525625
527699
530735
519454
712406
534261
527358
525265
525335
525906
520917
691236
533139
540263
530965
518873
532809
666740
525606
547035
526588
524603
574907
536476
677350
525796
524393
518793
525134
531006
522810
578395
572834
811211
550162
545683
542096
537728
524213
531457
595717
709270
533290
536125
532478
522299
729037
531306
565370
535975
539251
550091
543118
560110
645320
529673
719709
582893
530094
534832
523100
532018
535614
656300
533470
519264
571502
568977
533971
778058
531957
531427
531887
520636
527889
560621
524684
520786
528892
523382
523331
578955
623398
530014
531987
574226
530815
536576
688531
527810
538970
542557
531376
547847
567434
807404
533350
523120
537478
520205
525966
524183
677330
603020
526808
535264
521298
525606
639739
521348
525265
516428
565350
519584
537217
635522
541405
524894
519564
526888
526777
567754
654076
519504
531517
519093
525054
523661
518432
528321
570580
542618
532769
531427
527198
536536
686287
523722
525545
545031
575509
549140
552196
536045
521227
539983
524674
539832
532819
580769
529953
518001
698089
527669
514184
527659
518522
886752
539972
525355
529984
522680
530796
528010
529062
532558
522550
577593
527709
529262
519644
521848
520726
512831
524273
525044
562945
568626
557996
538931
527539
529683
532458
521247
676699
572724
526927
534753
523501
528240
521378
526818
526868
826068
575259
520897
558518
534602
533130
558887
543359
534442
526637
595135
886573
539151
533290
549831
528671
533039
536225
753953
616255
536456
541515
558006
632366
542827
537628
767278
576351
524634
530825
520405
532749
526117
528481
526647
526688
535474
559209
538690
537167
679824
531596
519634
529984
526467
528891
734928
524122
533340
520596
526737
516258
525335
524643
524002
569918
564458
561834
541845
544611
840045
526477
519724
532178
577343
557876
524694
534021
526537
529753
527239
525655
529022
586920
699812
535454
535564
532248
519594
526818
515056
818475
568246
527949
533319
550482
530224
529983
521468
532698
517771
567323
576881
536055
885791
541084
532458
534582
520416
528942
590938
668934
534672
519033
525916
518873
525064
520275
805651
562465
519143
536506
538971
523061
640821
533420
547797
522720
565270
525144
519514
538689
519875
656230
530545
524183
528400
565470
706905
548017
545964
533590
527459
528541
519314
524403
567383
527910
526347
518973
537408
526888
719839
531887
526888
528340
557906
524423
523151
524283
648385
519394
530555
519393
531486
565040
777177
522820
512792
531517
511760
525174
660789
515947
563026
565300
532739
530034
518492
614983
524613
528060
522379
590126
554730
532939
546766
539031
538660
527850
703910
586009
805359
548548
545332
536145
553227
551855
540323
720701
571190
545192
589946
703339
566051
539381
530234
546865
521798
818384
573966
564749
537588
532969
536475
524263
527068
782417
601167
526267
538059
529362
527159
519314
526477
527399
527769
569628
530044
531487
517159
741150
527068
514965
536385
514284
558577
522710
526838
701905
526457
531096
523812
524693
524383
520806
602219
539592
899868
537027
521017
524653
516458
522730
734547
523502
527178
518652
523211
519664
527720
521738
519544
738314
535595
528842
524894
517771
528411
543369
531706
523271
523721
577723
537718
545282
572413
726161
542688
533029
538058
520506
584566
545072
601057
701646
654838
585768
579115
531076
870031
634309
540944
539852
549710
584816
679273
908453
762660
645480
581179
989324
572473
703489
619261
638197
553378
778830
554659
539802
541014
538029
548819
580328
863890
848711
666550
648014
611747
537026
700464
600476
542287
595636
544851
571622
540624
538339
726852
530605
573735
524764
534643
653565
519254
528291
519354
522660
514425
565561
545983
531868
697418
523972
515396
524533
516378
529763
622768
621295
568966
538019
559669
548688
531226
526858
523421
580729
521437
525355
558978
521036
538941
523131
556724
519905
577613
531015
736000
535724
536225
528701
518192
525114
810018
563557
518161
525325
523381
519985
513944
742552
518552
517741
561903
556353
526037
510597
526888
512040
522459
528240
518833
523671
548749
655940
530465
518712
530274
515296
521036
515997
576591
563336
659937
523602
550271
534071
515286
525244
511770
523602
562124
520446
527369
547997
806692
530204
512992
520556
512290
557495
580208
533470
813315
531256
531316
523772
517551
531396
570049
792967
530664
516939
518872
524333
517961
519374
522519
561854
517921
528470
526217
524143
518993
740288
531536
523872
554750
518853
556463
535785
522169
646973
512842
526337
517931
520596
577492
550993
570529
641503
1008390
537007
574948
572343
615665
535253
544039
597200
710522
889017
560841
551514
619031
560331
537738
971141
796373
1032256
1166607
835086
1328220
793628
810600
787256
645009
580779
549570
563266
528230
532859
530073
529102
538740
590287
542467
527699
527248
527930
526136
528791
522370
537769
570851
517861
533631
529603
522449
525175
523281
519053
643246
578474
521718
529422
525184
521448
523983
527749
528010
521558
827782
572864
522840
538670
522740
522209
514184
523341
516689
531306
564649
521448
529283
523151
806692
526728
515706
523191
525987
554639
526306
519534
532508
525926
525365
516799
523221
521007
786214
525756
525806
524663
516178
523691
526016
521849
528391
551835
581901
528040
548939
815028
529172
525385
530575
532479
581490
528581
556023
531426
954990
565450
549700
542066
543058
609092
539762
574016
553217
549139
536546
929232
545863
598042
551233
536646
536566
542777
550553
578875
725501
545543
590237
571872
836849
553658
523812
533691
524823
538300
856697
557435
523251
545864
538139
549019
527469
808866
535845
567013
527900
531276
525675
530305
513563
661420
533691
532348
573195
532318
538009
535504
673363
531085
523431
524173
524944
562325
568535
692448
527299
522019
528701
514875
525495
520185
684954
532809
519374
528721
517861
524032
631033
528831
524483
517690
569988
524564
526988
523692
518251
523151
519904
546254
518512
561262
537227
535725
666059
530304
531487
524603
523982
643907
560561
584867
530815
551614
535344
528321
530374
516548
527900
522961
580879
529423
802454
533441
521427
519704
528761
520125
526256
565300
525204
534211
535734
527198
521247
657804
520847
527910
559109
522890
525735
519945
525966
522730
762279
535204
522730
566201
559599
547777
525886
519193
521037
514855
519664
514675
562304
703800
511278
518302
519404
515517
525184
515136
670858
563386
524674
520946
514274
530976
512811
649578
514054
515667
549190
513974
520366
515466
524753
519594
641703
543058
516588
540013
554589
578835
609863
609232
594775
567934
540874
519935
541244
777939
523592
531025
522900
519904
725671
521127
529613
576341
541846
560331
649999
538821
521097
578335
542207
536976
577242
565891
516668
634580
524092
513974
524574
512732
554359
574277
568455
526036
518993
524113
513964
531687
510577
702256
568225
512972
519364
518392
532348
517240
656351
515115
512351
526627
547486
545623
578144
526257
523692
522189
521608
517019
532037
554891
787487
527399
513773
524042
516328
527720
513362
639629
558637
561273
531646
528721
541385
518482
514655
520096
512952
524804
554620
528170
521969
811762
519204
516979
515907
510727
526246
558697
536346
525075
544381
532208
518983
530605
512311
516298
564368
526267
518933
520976
530614
520796
515526
525725
510477
586950
563175
559650
987091
575268
519283
533981
521768
543980
657442
528701
850414
531216
519083
539491
523421
937918
574747
536465
544651
651501
526577
692058
558427
512731
520866
559910
533290
524243
517440
517440
515146
515847
524894
536015
553408
671549
518352
519785
516609
513904
527890
523722
526707
512601
553288
521367
518763
529412
524153
661240
518602
529162
516629
562345
532128
516648
529313
523632
520916
509926
530604
518241
536816
827592
513112
516999
511689
515457
526727
518102
517150
519354
556853
549019
550262
539201
526768
570410
540302
857688
533460
567203
532318
516108
521538
516368
512591
518462
513612
541114
570670
895779
519103
519233
528400
545603
518813
517991
516919
570950
532198
526737
538379
524704
851136
521217
515036
541716
601107
576271
594304
549971
548138
522480
527309
516158
517911
567664
787877
533360
512451
522159
512911
519093
509355
813485
586029
520095
533190
518262
527278
517420
509957
516869
545232
571852
544961
517410
518582
523702
819466
526968
516598
521428
560451
568937
526306
533009
619451
524513
676408
516017
520145
576842
517290
528500
516087
529122
508834
520105
517690
844794
552666
513844
518302
517180
509856
733605
523201
543509
514634
539472
620213
548478
527068
529813
530715
555902
547677
533160
518001
861986
539251
517410
526577
522339
532529
528070
530315
581490
539441
611416
528942
517370
812102
518182
511159
521207
547316
519654
511178
514855
516579
522490
513393
522740
515907
529262
725941
514504
521718
522830
507401
516748
514895
523241
518953
563637
563597
533059
549370
524253
519003
512230
680937
526817
513593
567333
514184
520817
512902
516428
509496
518683
517230
513693
576731
515537
826048
526166
509515
521538
514735
844142
520005
570429
524053
517320
520746
515968
520616
518172
513984
510737
540433
580048
528300
891762
526628
516970
516909
517440
521908
582002
530434
537127
513322
527028
517991
643607
520055
511859
520185
553508
523040
511329
846206
522079
514685
518442
511388
519534
567284
524493
530164
524954
534512
540944
766887
542026
532629
625963
532959
531266
716393
524122
525786
528642
516198
520916
560360
782687
527929
528691
537488
533330
545082
586539
552746
793267
523741
525055
519083
512440
514384
512631
526107
518632
589204
545433
531476
681809
517610
525736
515056
524373
515958
588493
572233
576040
553507
539141
528882
529833
516859
721433
572373
529222
532088
514294
525305
512230
522930
509334
537869
515186
565270
810219
530795
525155
518071
516078
535524
513803
520817
557205
799078
518492
509445
520746
510797
521547
516408
528762
560481
555211
544230
533670
530143
526527
776215
522430
509997
566342
514865
529303
707967
515767
520305
518051
539021
507391
567794
525405
511589
517070
508253
816310
517510
512621
539331
583453
525806
515776
516839
529983
517410
521127
529131
518062
512160
751579
526086
537798
530164
534783
540433
514505
528941
524443
578364
529082
518452
521668
511750
525676
509505
692368
518192
564258
523903
520976
516979
548589
527770
819216
517770
507261
583454
523612
519093
512811
824776
519844
520135
543128
510908
558767
562374
512080
535514
518723
536125
519584
523852
686036
562955
519694
520245
517751
510617
521267
520025
512120
669005
513893
573445
522519
551343
517600
517229
542607
523612
865423
532568
573926
531166
538049
522830
525105
526187
525836
520746
534302
587962
608591
923631
589495
574728
567003
629099
617257
601428
522670
526547
516288
714028
526487
519714
522981
520406
574928
525685
516117
521066
515696
526226
540002
851667
529733
563416
526768
526187
526707
536736
521307
756018
524002
522640
565170
563266
556803
536175
532749
511359
517129
786555
521618
567464
521758
515767
720000
518492
520606
512812
510627
517831
512141
724037
519824
533560
532539
526988
534351
519213
517771
517120
657993
518752
513163
519303
516498
517110
519814
652894
526016
553037
577282
523401
527800
525004
525775
514945
513322
522770
519784
671218
514574
523792
514735
525325
522149
519013
527289
522299
697708
539251
528120
518452
521597
561803
534743
523111
521968
576851
820578
533610
516859
524713
531546
716554
518281
522930
606907
543869
584896
580388
563616
619281
545212
529433
522069
819045
523331
516779
528961
520747
525566
520706
527279
641683
541225
521998
516959
522239
525034
519313
526026
513432
521197
558998
523341
513382
524102
516738
510206
527409
511479
522229
569789
567443
554540
535133
751399
553408
519845
527119
521237
590477
790713
521498
524002
516068
513252
520696
514945
515346
550873
771296
521288
530123
521638
512441
521157
509184
661140
566122
522259
536886
519634
517981
510047
519194
516178
519755
517300
565620
707907
560601
540544
521167
512571
520867
515417
522430
580619
519774
531156
529092
525795
519464
683321
513583
518402
567154
516388
530605
524423
522540
521608
518752
514966
520145
524644
590877
806311
520275
524984
521808
515567
519174
523551
843932
619291
525685
527138
529582
519153
514785
513473
803506
564438
519203
529573
512130
529022
519023
516238
510768
524072
516628
550231
520946
509576
664465
523492
521297
521768
517851
517570
550912
528721
521869
522199
519524
520115
519725
513513
690815
514705
553788
550252
543659
540473
520055
525626
517220
524554
527509
617939
527639
523030
909595
542798
518252
534172
522380
532678
581550
528771
524353
518963
519414
535554
519383
879419
600406
541214
627867
557926
520015
561613
526918
679574
535273
565410
567955
534983
715031
533219
519735
525475
520416
531586
564388
748864
529873
516719
526137
519975
526207
518361
532819
563857
520777
657823
515716
525365
521758
519434
520806
515256
698049
519955
514925
520575
511128
525456
517600
709099
513763
518462
574327
518251
526648
520315
519945
516979
529322
516238
596548
554400
523291
525155
516008
519213
517000
514034
650138
515386
512961
514615
527819
512782
512260
689944
514425
523883
514765
518993
565480
522049
519755
516839
522700
513433
523452
523722
527069
517661
685566
678813
567153
532188
526628
512762
697698
525775
583243
524093
525705
533760
516057
836919
552816
520486
529152
606988
682119
682129
689042
718146
538260
528260
540413
738494
525325
528340
532468
525866
541746
539972
726713
566843
647795
648025
555632
535574
525986
512671
810459
536075
569668
529623
521528
523141
661270
522199
526177
514795
536045
523311
568807
526306
520285
519334
513412
516648
513673
520506
509966
742752
529072
519043
518191
514825
518201
516328
517060
536866
525826
577373
538029
550993
526777
523201
518993
517369
520505
514134
567274
521598
531236
517741
517861
528060
509976
520596
516979
560250
837570
533400
531266
524794
514725
523321
513573
518281
551844
524083
552937
532979
822742
519474
521688
517851
516699
565550
561423
531336
521959
866404
521939
509165
518041
515146
557505
733095
517971
515006
512842
527639
519344
509495
521287
542287
690013
514124
517580
525055
515917
523672
520385
524603
517240
566952
523522
527900
523652
519123
647454
511809
516478
512521
556563
564178
535344
559219
517450
530475
515296
518031
517139
514795
780433
527008
512672
513823
519885
519584
517299
527068
515627
564167
512080
536927
512731
514785
850274
523531
516028
519073
554890
521838
513112
518191
510758
518722
517000
521468
520105
534842
902792
552065
543138
557566
553768
537427
525335
541435
586019
524413
531546
538300
940433
536215
517430
519725
536415
575940
858138
529542
527148
536886
537908
544271
604684
550632
864180
528691
516078
526808
510387
516708
516648
646993
545273
560330
524894
522590
540223
526267
528841
515256
636784
525225
544341
519574
522179
520075
520075
519164
531066
513112
667682
562654
532087
553327
529353
534122
524464
537938
527839
543198
585968
581190
765375
534302
525285
537247
523271
530174
520095
807814
566381
548147
539882
547367
544541
548609
542026
531797
581680
528300
538159
528180
527850
550923
533751
519484
829105
568505
517350
528000
532939
527338
523721
536877
543499
524333
578705
560531
561393
544080
519554
684283
522370
518232
526437
520856
596188
532788
1003411
562745
532218
553818
584105
542507
595165
590277
900588
526917
534332
524774
539121
532368
728456
537317
522901
533831
566782
565099
551153
547847
635492
620975
548458
726272
532919
531907
522109
524223
524192
562044
567694
563406
684463
532419
521207
532789
519704
526927
522610
796774
528300
514645
527549
553898
563056
534442
522509
531156
569999
528460
526948
533570
689272
525766
535374
525385
523111
528982
531216
610865
539180
544381
530505
542918
673373
538390
552376
582943
548178
559018
535975
857417
541816
530875
540603
594665
541114
542417
533720
538179
528651
533270
525435
531997
846337
540864
530534
529152
523251
529011
521898
708037
521187
589095
535394
522620
529984
523902
532278
514715
523411
518522
527118
884979
544040
532419
545583
527098
537027
523191
535264
555732
544030
543208
522449
532028
519905
694822
531446
518102
539301
555953
531316
532438
544250
530475
519494
533991
522429
526397
562715
808686
527178
519995
529793
522509
529472
527569
517370
564629
561423
544000
542767
545112
831199
529252
525696
521818
568355
527870
518222
526347
525315
859982
545213
520626
527108
578344
525936
526417
524012
529212
523071
545403
526096
536065
873919
529673
555281
531967
524794
549250
542737
545362
527860
584646
586790
547576
539601
531397
794470
547787
528040
532869
582793
525957
902422
549710
555952
613951
552285
539982
869901
531186
519023
521297
515737
525395
521668
651832
529983
570810
529102
527188
539812
523170
640070
531226
521307
531987
561272
587652
537558
552075
710172
526687
525986
523351
528831
595276
536366
526938
527098
534312
532268
548008
684734
528440
564899
528190
539311
532929
523802
521799
517770
527529
530284
729949
565209
525766
526958
527729
526968
520937
729428
524043
522470
579216
593533
563306
557465
525275
526156
527749
527108
526898
579567
533841
523160
532208
520806
780804
531667
527299
532318
567494
713307
535564
513052
522669
517180
518923
518031
531747
561653
530064
534422
521798
876553
526096
523342
527679
541725
571842
672220
532699
535674
530534
528741
787687
531697
538339
596789
537208
532669
524633
688020
534252
525015
533680
536977
586399
556363
604373
690956
526607
531286
530454
524804
527790
567464
683651
528631
535013
528922
522941
530444
529092
531808
567384
739136
555572
541375
532057
525505
527188
534372
524944
740027
534222
517841
524163
530695
531918
520275
743263
538850
570309
536666
523712
537898
526207
520676
528591
523091
531487
558296
537919
521748
718737
537317
524053
527319
524483
532418
548027
574827
543068
552576
543560
536085
529844
687449
522971
524773
523551
524874
524193
518543
528341
531196
827712
526276
524833
534922
519705
526668
518552
783789
535344
518411
529252
521057
574317
564097
524363
729297
534903
514344
527890
523482
534051
597780
537959
552306
527028
689012
526537
526647
516639
571631
527219
521708
529292
529783
524884
528250
522029
529152
534201
570199
519644
540924
547647
530234
751649
524203
526387
530895
565420
546846
528862
603011
537247
518622
526467
525565
529202
568857
580328
536215
523642
536205
528701
837761
523020
520186
568015
521086
536115
535023
684463
525314
519825
532318
519364
566101
720992
529393
523571
522590
527368
539832
553668
656291
588603
552676
532168
533780
533451
527018
704100
548889
529612
588132
576100
562644
770003
543910
531045
531186
550321
547566
608721
607488
531647
679354
533871
520436
528541
522099
531616
576391
522099
682790
519023
535193
528100
539131
527559
524654
727343
524804
529292
524954
514144
527809
524794
706094
529423
578955
576952
554770
539131
527819
528351
535364
526166
701926
577513
534692
529983
526236
535073
517520
528501
523081
716093
575028
533640
526497
515787
524694
550622
528741
552045
523732
526337
551033
724478
534172
518262
522329
519935
524584
517580
527378
562264
563907
694723
521017
523772
525505
516649
526908
519174
782857
530745
531407
531787
514485
521878
518171
696866
523993
556944
526137
516147
541034
518101
529272
672210
528220
527319
561633
527208
519484
517701
549891
540824
529843
536786
742973
586360
584566
562174
572985
574507
543239
527189
754805
541105
594424
538319
527649
762209
547547
530455
551895
540052
608852
583684
532037
538409
521588
527248
524864
528641
736380
549690
621305
539822
536636
529332
512121
526908
524764
530685
528420
571581
709440
573425
549901
538730
524073
535835
526216
533891
580298
524884
841738
527619
541435
530584
518552
525885
523492
836408
528891
515577
525204
526367
529372
515417
786615
531236
562815
528311
525405
523371
533490
521197
632746
518202
521778
560350
560340
556393
527909
535053
533691
534392
528722
525095
576520
531065
680305
529122
523842
525565
533420
533040
526737
846437
556032
532478
537287
530034
540223
841558
548228
536496
583073
535304
541826
539732
679364
538179
538660
534361
533250
577212
666118
532508
531646
524153
532148
532348
530555
544501
591399
547928
528371
537577
650299
525987
536115
529703
533881
586590
528822
657543
531927
535474
531035
536346
534872
524102
582031
532388
745748
550662
530555
534792
528952
533761
661059
586419
576711
567384
533580
542687
539562
538950
532388
717254
585187
537457
536686
529923
533991
537949
533089
700053
535193
569147
549270
566732
551924
545884
564248
555562
537698
548659
610725
573635
553708
554249
540834
540122
543669
545001
532828
605375
560261
905378
587071
577212
622307
858740
600366
533971
534422
533830
538960
540954
546645
537848
528401
580288
537749
535734
726702
527219
535333
544471
531587
538219
571492
544210
527710
539422
533450
533480
551063
534462
653716
579917
576591
550462
527479
537037
529292
532118
533079
522019
522249
566542
532629
520465
527418
519795
523211
526697
526728
527469
791824
529663
542186
518272
521548
518171
512792
544771
540172
843712
526878
517611
526066
517640
525185
515626
597049
558106
565450
561663
556473
544762
743574
527819
553618
538269
529071
606276
521818
527559
524414
526057
530735
548869
546875
529473
746640
539762
541615
530645
524574
554159
533751
532839
533731
586359
727003
541045
532999
530153
528801
529423
553328
550832
596839
559659
596098
587802
584696
588232
630322
540773
596287
528911
550732
627556
720832
534963
521257
536797
517220
585758
529453
518312
717696
558687
517360
527569
516859
571612
568546
529753
762670
518031
523021
522019
519744
519895
519564
597139
564899
569288
551754
525375
568686
526407
714479
525115
571061
526728
552015
525845
516749
525275
550402
521859
753041
569378
527329
525575
517941
518222
514815
820257
537618
516588
563036
516699
519855
512100
690354
518903
509586
523692
510978
520355
592411
635210
515176
511740
520155
511159
520656
550352
641202
560481
512692
518723
507631
521888
513834
614663
514685
513984
550552
509415
566492
520606
518081
513333
531116
548598
523832
531857
557375
659406
525445
515817
518642
509064
524693
506690
516569
575369
566622
709621
579657
541314
524493
517881
522339
515506
862738
521548
512742
517911
537618
553178
525164
533971
523581
560611
528321
514053
524604
516168
748503
523121
508253
521588
569848
539260
534231
524864
523562
520867
551113
522550
530254
513232
733144
528040
556173
538560
523011
537297
515166
520176
536196
595096
529743
533029
584195
893314
525284
526277
555471
536125
863839
532088
515827
535423
587220
534743
530354
523471
600525
536847
645801
1020033
591910
541034
562204
528019
588994
738043
567814
535654
527629
540022
521337
518752
778539
571131
513212
524524
519624
521638
524813
525035
556072
671488
567925
517400
524974
513403
520666
548879
528170
683641
523101
548428
519104
518041
523061
515717
520996
524373
522239
517821
677951
560330
559489
556383
524583
534302
517941
534502
719599
562855
581310
517991
511288
523171
513422
522239
518843
524904
513082
550632
521267
516318
751990
546485
532288
525164
523832
520165
518662
732654
517580
523411
522791
512371
550532
516277
775073
557064
559599
541294
541936
538119
534412
537557
522480
515787
531857
582812
527839
522058
709680
535744
522329
542748
542026
547086
589505
535534
540143
526056
706164
539392
528762
535805
525335
590056
520767
558978
863249
540724
562344
557916
552696
954650
591068
557125
539271
525785
522540
712766
525234
515828
571181
531246
550482
545693
536375
525305
524413
530204
550041
689192
527269
535885
528611
544230
533741
527939
530124
554589
584767
570189
524172
691276
534843
524934
530875
524604
537107
557165
576000
520395
532879
535995
524914
527789
516919
775294
569007
524743
525725
521177
530645
530535
531286
526688
518632
523211
553388
525776
520416
763582
533320
527650
525274
528982
528561
576080
526277
789009
518562
534051
524353
520446
522419
519865
579838
583854
583344
895820
539140
522790
525114
518051
524464
569458
522961
524022
528020
522690
531747
537237
525014
715231
563757
520756
528300
522560
525575
520726
806602
534332
526818
571041
521968
538239
801944
529963
523862
529653
533610
525085
556503
696626
538128
526908
526988
524814
527419
518693
537678
569147
529393
689994
528181
528180
521588
531456
668383
530815
577492
520676
526887
538900
534201
531386
533390
549801
521849
571902
539081
524073
759794
522500
520156
527639
522540
528471
523121
599814
527008
662061
540964
559529
532258
524924
543048
532869
583985
849332
538931
528531
555471
526397
531396
521888
569628
724919
526016
543248
533480
542607
775043
555912
543749
637997
560380
530364
525716
534742
696616
520546
528290
517049
628037
554660
572613
538009
522720
531256
533520
529262
665597
589115
528881
526908
522550
527999
522349
728486
533320
527509
576140
527660
535765
532158
532468
526337
532257
527048
529633
566402
528230
784751
525715
543679
526357
524924
538058
524053
701255
568636
535675
537908
531306
542938
531777
521858
525014
562204
533981
525084
523862
519133
546595
529964
523462
523732
580829
525736
659707
533170
521207
522369
517079
545312
523071
527368
554249
535334
534532
525395
792987
548098
544100
525385
528070
571792
523712
549701
745738
554299
526527
539291
551865
585267
531697
820388
541776
521137
527038
527779
529643
526006
587963
730960
532649
533189
537628
547006
781154
584946
543329
585578
521779
540253
519955
524263
517460
708889
525075
517811
566191
567634
520796
629390
529843
522590
517169
528451
519303
573025
531456
530354
527259
536826
542407
526026
692679
532559
554049
530645
521567
524644
524984
522791
527549
529743
524754
524313
576191
529332
538560
685024
532568
526858
526737
528511
526708
560160
569197
545733
561884
535354
525515
815509
542777
533009
584295
530264
530174
519995
531727
520125
527639
534302
522760
561984
523551
869190
528751
512471
526777
520155
523451
531236
568406
530134
521608
528671
516528
530615
524223
813365
540613
570730
578444
547917
538209
532578
526918
850785
532749
523762
577273
527268
855944
530865
517881
523812
515767
519975
524924
564138
717294
520456
530324
532017
530916
541375
524633
533921
575268
532859
533711
525015
651401
526286
531125
523752
526617
579887
575989
758742
532499
520295
538490
523041
527489
521388
850194
533830
528490
530856
532268
540964
536606
525786
697147
597811
527639
533650
523331
536496
526647
536396
523672
522590
747211
527849
564489
527759
528871
553959
540143
788178
535725
599284
586961
579566
668774
564669
534201
540914
530755
541405
597480
530825
831860
542838
552936
548128
590226
534843
732623
537508
529072
518762
526707
518993
518252
549360
522940
531226
553597
532478
529643
523962
536806
527589
528551
521307
847609
615955
542457
553819
538920
526627
533089
525004
531927
525766
580098
695554
531186
526678
524734
528310
522791
530384
967203
531657
524824
531937
522831
536986
525245
739596
531486
559469
557746
530083
529954
525235
527128
672120
523291
530835
516217
606557
530104
527198
530024
533730
537939
530103
521137
532929
565731
667872
523521
528250
524223
529152
530304
522289
533461
560421
529893
531076
551424
538720
521658
749515
535314
522629
571101
523551
541245
525906
528511
526717
528511
534251
522439
592451
1004183
632366
688651
721533
690564
971521
653435
532859
542908
539021
535233
653645
538109
539200
528802
580108
559770
537618
579497
560581
612689
542828
525976
677290
570870
533981
528170
537478
530324
523081
528361
524283
527649
571932
568967
745257
542577
534562
534823
527880
529993
521497
842880
533530
522810
539502
523692
529032
522099
519915
528801
608751
586931
528130
541094
529783
539882
796654
532158
521037
568806
525726
528420
522680
537378
517560
530194
528901
518953
563587
578885
753012
541716
532047
530855
528821
527729
522931
916829
522189
526487
522640
530845
522419
527930
526838
535474
569929
529753
525835
527740
814888
524613
517861
526608
527228
571562
521057
535785
526908
526437
526317
517020
525354
523983
713428
580298
522961
521618
530554
529292
522019
525005
514955
815098
525095
512991
524663
543459
530895
762500
524794
526558
527800
523372
527419
520746
521167
515496
528471
512551
543740
522209
557826
670237
523882
527659
524203
517280
529192
516699
536977
546304
581110
532759
560902
540102
527889
678943
534472
529152
571973
525234
540133
521197
532258
518082
525415
532799
531817
526627
687028
850724
537868
531226
531736
533180
525836
530555
528671
582532
542046
851326
536646
523863
537478
537428
522890
614402
603291
1002389
554930
527429
534772
811461
560310
597450
624371
528120
533600
726913
528591
530043
523571
522570
573515
522951
617428
524754
528651
520095
524023
517430
522189
676038
524253
522720
524373
535003
536125
519464
534572
520246
527058
565731
529613
668614
528290
536065
523321
686116
529032
519824
560851
518382
525505
514725
717616
529793
512941
535915
516619
577723
532599
518282
602750
518682
523392
522098
520677
521938
579336
526156
514144
524433
516258
526076
558948
597179
651612
570520
567935
524884
548168
535414
523091
729057
537688
523452
583353
525886
531828
518633
832300
572744
529553
537036
531626
564950
526346
525756
670066
525415
530485
529503
517380
526487
562224
559880
531807
689433
528902
531707
541586
531406
532028
780303
573144
549821
555612
540303
544862
533440
767329
547005
680977
536175
524854
521898
529382
520777
695424
530886
530415
565871
523471
682139
524874
524193
524483
518662
526487
513983
567444
520987
525595
639549
542697
721031
524794
533710
527900
578244
583785
565971
674885
537397
527870
529513
522710
545983
592731
521448
847268
540884
526617
524433
531416
525415
522990
733315
527238
523431
527780
523962
535013
523491
525025
519203
566091
526407
518392
679945
515586
525155
530324
529021
530264
541355
578805
539100
652172
528941
518152
523301
525034
517881
521828
764593
524233
511639
521828
514064
525265
650329
532468
525936
556604
527970
524964
515506
632115
515857
520315
520236
524212
587031
519163
527368
524073
531226
516438
524003
529433
530805
518823
578244
679103
540272
532037
522239
518101
524132
517219
530504
574677
542146
529142
540172
528511
525996
688501
526948
525165
565540
524052
537769
519373
529452
528732
538489
530675
523161
547446
536455
894617
539642
520906
527759
531096
522299
519364
883576
628108
687740
588614
569468
549239
534753
536396
535995
559469
531577
550131
560181
528782
529553
542287
910267
589816
533941
536115
711194
541605
532639
530024
533150
533470
575489
539942
530825
980047
562094
546465
556213
627617
559539
585688
523592
530415
535955
527959
540143
525656
647063
519654
549600
528902
526126
525245
523200
528772
521107
527198
527228
571521
528371
526087
716363
528221
520406
527879
517500
530545
552526
527098
517109
781104
533821
531827
529783
522971
521688
578905
572273
842310
570880
537518
543820
521237
521718
713507
576431
528971
514634
529774
524793
531637
534492
530605
528261
567744
537889
527980
524944
723827
536756
541475
527038
527829
574437
523371
527459
523922
712936
545223
521016
531436
520245
526287
616997
527028
883687
538370
523862
529352
523782
532498
575118
732293
532669
525535
527799
520546
527018
519714
531397
569518
525134
548739
539822
528361
672812
534031
532899
521618
566442
540763
532939
694322
535494
529994
533530
525806
529052
563967
731411
574848
610204
585728
565681
611196
695925
527549
570309
528591
517430
525335
519234
686216
528280
518462
520535
564058
531497
520475
527499
521638
521067
529582
533450
678612
568085
534352
529994
523401
642695
526027
523040
538620
523661
546535
569488
757280
529182
522479
526958
601898
571291
528631
567073
633928
525966
527088
519834
525134
520195
520957
531637
521177
562745
521077
525155
528290
663824
524834
525045
525115
514906
570740
550662
528461
532498
529042
528551
540754
527920
524243
714700
585427
540994
538890
541596
522029
546805
528130
529913
573415
524944
521147
532348
825107
526587
529532
527058
529352
575258
524804
542277
521899
523301
517551
524152
546094
532529
924964
550372
528170
530364
521608
528801
816280
524503
524623
596268
567274
564378
549660
544661
528171
527218
525395
529052
575148
531717
840727
531877
522890
532858
523181
522580
519965
559028
537497
528100
679895
525795
533560
527700
520145
524534
518862
531827
527689
824295
538259
528280
532839
528210
524613
573726
592120
549190
542958
637846
543579
527750
724278
570750
606758
530976
562044
541605
686347
540193
529122
529973
534272
607760
534603
733445
535544
528080
532970
525806
539662
528010
828082
564408
535584
563426
536005
524984
670327
519394
566792
595656
540403
540494
533680
676509
543059
521257
525075
567785
532097
525074
520977
684974
525004
538300
557726
530965
585969
536596
531978
530945
538329
525605
531447
550041
529563
542848
567324
680115
522639
516047
525816
516658
536776
517701
531988
571040
566792
556473
542577
543599
519344
722424
543429
524343
576932
522670
524523
522640
519363
529021
517601
514014
526948
525815
559159
523452
524964
522189
827702
529423
516909
807193
572904
522970
533540
523621
526447
516127
791244
521288
514404
558357
583504
556293
553107
550432
529163
526557
531436
517460
722074
534513
545863
534572
524333
540183
531777
548328
527769
522660
599884
546975
697988
534683
531977
529203
522330
526608
864000
545413
542166
529623
528711
535334
521888
834895
549310
591869
643597
553278
528892
689683
543158
529523
526668
522840
573395
526127
534091
523312
531116
521077
523712
528631
516488
688240
647394
534953
531276
522039
533080
524754
677611
531727
562435
533440
523171
529573
532619
529322
790252
527770
530615
571271
563676
706554
548619
539231
535443
534832
530214
521768
585277
523561
531736
718497
523160
533710
519785
529894
525194
564207
530935
525686
528000
515196
650580
528180
516919
527739
518322
565320
519634
705121
525806
512721
527589
521087
533290
515246
571692
786665
548208
541455
533199
522159
683982
529923
557295
525916
520335
532548
524243
529312
521067
528992
516528
702698
572183
517961
655419
530013
522960
518993
520295
522580
515035
731431
529352
513753
522880
519544
530355
521337
528801
516097
561623
583745
525846
531296
517259
602359
519714
512982
522810
519885
567444
529473
522670
523271
525756
526447
526968
526136
522029
672541
529152
521488
523561
531907
528381
527459
548037
521318
530535
532187
527990
530054
518151
779602
522931
521748
527649
516548
605315
541716
950863
592571
603832
530915
556253
544461
981029
538910
528882
577272
617297
574406
755086
553368
598552
535213
531136
535033
535685
550161
754084
553287
607649
593834
529383
537829
707537
536947
552545
544741
564208
711484
590908
553317
817493
529252
537487
533480
526678
535644
578304
532648
521608
639209
684343
526547
536536
520385
533340
571301
536075
540493
528972
533360
521998
532067
697277
531186
563286
517791
534222
542737
522840
525956
522780
529954
521608
532348
604623
540484
795922
535554
524624
527990
524783
522179
520025
539592
517531
535614
516498
513422
797806
523452
525075
520756
548688
531657
519253
529874
526397
522950
519313
554319
524834
560721
841858
536285
523862
525134
514324
531867
517290
524494
568326
564198
531156
524073
837741
535955
544390
544782
533009
584235
869541
563797
634449
548739
542928
539431
546444
827171
541765
540493
544310
539471
545042
613339
554660
533541
586950
525044
528130
546374
551043
530274
870211
545643
531457
688180
568987
595106
601558
707386
526296
552366
523932
591078
533771
564028
537848
549981
940062
568346
537568
569358
642866
534011
562405
536175
608210
677871
587381
688070
716243
657273
697157
716964
578775
552075
765465
557344
647704
576380
606567
575468
947646
564448
561893
579727
676118
638057
777718
561733
572153
572093
555311
545192
622447
758502
570109
616245
587051
536766
562234
574597
607780
789811
596348
610905
686628
761457
604944
654206
875191
559920
602019
561162
555181
618470
574437
549981
884679
583794
568405
617248
579226
571160
803716
554851
604844
600045
561462
544411
568826
571471
733605
570209
681347
553809
556073
581901
563636
737874
616726
576420
572162
670668
606347
850565
570139
580388
560851
574066
569167
919273
579346
544370
557996
561131
544080
554009
617347
553748
546745
560270
550852
546364
728465
578645
686347
684123
590157
545703
584225
784711
600205
568907
601247
627066
612789
774682
568656
558126
556102
546725
553348
643536
821861
579397
628408
576611
550742
545753
687399
629781
547617
551374
546735
543268
542067
546524
558096
547827
666409
556443
542718
726603
558738
536195
546324
543729
551013
609673
597550
593032
581460
564107
562865
547827
712386
649007
686827
744957
714700
694311
677620
700233
713838
722244
675617
772087
754785
721412
1220689
693580
699261
1144746
714229
698700
685435
836558
723997
705433
812273
678993
693430
690203
791183
695013
709741
712506
696777
678442
1118327
716093
722394
728446
731421
762880
758302
856827
747802
1120741
822793
768681
777678
967254
833402
850264
863148
844964
819346
1368907
870783
802224
864751
817082
948579
1174171
805079
778259
782277
811522
871394
821991
1155466
842990
788588
1040561
1031314
776516
676057
1017688
688752
740098
758381
693120
653455
622387
712345
578174
593853
694092
668433
856686
620944
662912
587531
554620
747552
1270191
845706
851737
1127333
881032
1083451
821971
807514
757920
784771
1151249
1289497
1101124
655319
607849
571772
780333
644197
559990
583594
568115
548729
567053
543699
549750
559018
603241
559889
541926
648396
566823
550802
592441
578976
651802
669746
757099
613190
626625
563046
551003
584957
951654
556373
589224
561753
554289
576942
552756
560020
623880
635782
576431
577713
648676
570189
881813
571942
634460
558156
549721
545683
542146
592821
588063
591258
657001
726803
594194
699011
596809
609021
598392
588764
751279
1111414
602109
564057
603291
565179
574918
617808
573835
582532
555261
551744
572723
573916
589304
613390
739025
637916
642264
953126
616896
638377
599263
642745
619361
572663
915687
618269
561483
595307
594765
648095
600926
611306
637345
598021
563096
570159
556894
574346
931276
601457
602159
551975
564639
569106
760195
623879
604283
559950
560340
573365
561132
546795
579977
743193
679314
598502
575358
563466
735539
558618
544972
581871
611988
554539
619111
591179
612609
885079
566932
550542
665237
685766
569628
712135
748984
709841
756989
856526
1325004
775654
728756
869821
742632
882895
759554
794370
731701
783318
750567
1230587
773260
749465
772558
791864
797305
1167509
838963
811402
804458
773209
756558
882494
786154
878327
819927
846146
789611
869981
1140047
862236
811030
876563
839433
1313884
783228
719128
642144
630161
610214
657011
629550
812713
602149
568245
579456
633849
621876
799750
693890
724839
746970
591840
585919
707166
931716
716112
552035
644829
644668
546986
542488
794639
641272
569057
603671
560831
595857
569117
565590
610274
550883
726622
555451
578565
574908
573976
601037
973475
625372
661760
565731
557005
559358
914043
576321
612619
566622
650038
569908
597761
595176
553839
760245
702938
582452
713859
741820
549861
562625
554430
538840
546374
544671
636604
580528
543680
568055
755036
540173
571691
545513
534121
697658
540183
596278
547326
535644
540463
537558
561102
543549
617859
575699
563065
566502
702938
558998
560962
587431
640521
575820
567574
564479
756448
555992
575429
564087
596148
574868
569839
536496
678963
551453
549991
554370
612729
626003
545292
544010
606477
858519
575910
550031
545072
584787
591750
535314
544871
547166
536766
526527
557024
579486
616626
678031
587862
543519
564659
558748
549521
819116
628318
620042
555651
549460
552486
555842
549801
564058
557816
651151
875552
540734
543178
631244
621806
612278
623739
753322
573566
777517
556784
540303
536205
525445
524273
534172
576551
830908
553558
535845
545944
540513
565931
558628
580869
558036
531476
736901
542437
565541
525756
537177
578825
802825
560752
553698
538951
606607
608901
604222
554920
888155
613310
574578
595607
611436
578524
724007
554009
606758
538560
563787
533810
529653
800010
548909
542867
573054
643086
557395
771125
548358
690064
646392
569387
575449
673743
945392
627116
610775
614482
743463
620584
663705
605245
619040
578264
814276
546384
545713
559118
588734
652994
549230
640410
620022
551625
685695
556383
554820
631594
565330
551544
782667
609773
811361
944300
838301
1261656
755977
655599
596658
555702
724608
668543
559820
574847
570530
571211
610004
690685
616536
638056
562715
550442
547547
551975
555531
548118
562485
557014
590598
704370
550422
534001
553007
560951
559940
591660
566362
821931
545172
545442
540523
566261
591800
580839
539020
887033
592400
556693
568907
543118
742231
545052
549009
542307
612548
558247
735759
532578
553728
541074
530384
537468
577823
544591
556123
552175
547997
534011
554539
543529
731331
644970
547597
564529
559188
549791
542627
534963
573745
561182
611527
653325
565289
553277
539251
557535
728957
552566
551985
606347
533379
555331
546535
544691
884368
555411
539822
630472
568136
595306
607799
583854
1092788
599935
563737
637546
570469
558557
538610
851116
545102
535404
558638
615544
626154
883626
609222
661830
600306
554920
542737
616967
564679
547045
582782
595496
555472
541946
781956
553608
603281
584626
574337
560812
822112
602169
540593
556744
623979
793718
567473
543840
545713
562926
547186
554990
559629
621255
550241
549741
564839
532989
546254
688020
560130
656771
595236
553538
659837
616676
570280
580589
819456
617688
690524
741670
769743
569698
708749
644829
584967
717275
851105
571452
586981
648746
711514
589856
611687
611306
585808
715662
630502
637215
592171
696576
749014
595967
576621
617888
617909
552997
549660
786094
608711
563807
717264
889728
871574
1087659
784540
897332
768130
843772
860864
1526792
923000
909696
945632
1002659
757500
691917
732283
841528
784661
738574
696847
930355
791243
867497
646422
920846
596038
582031
780323
649047
614882
634669
610996
647133
960751
756909
1047674
1059025
1321187
914644
853089
949540
778750
806822
1464506
879569
1287043
859572
787486
797976
796373
781165
916699
686928
641733
700654
1202074
777287
884849
1327489
2008235
1034830
971501
941976
639318
624431
672020
629760
744065
1279579
953478
973635
783969
794960
950151
776997
957145
839714
1048415
761978
952245
1673999
1340924
883025
850033
1113427
832521
689793
733625
675516
796343
793398
611096
605034
924543
566692
543048
569077
659437
625984
675827
815900
602219
658825
686317
901260
981651
982491
880351
973034
879990
1246016
901430
715111
908153
630281
634078
706635
658545
743775
694092
726772
628408
629029
787126
676478
841647
689382
668463
629199
643316
640801
977302
859221
798347
587722
566522
701896
618359
559940
584456
606727
602178
603161
593172
717946
636924
677541
642856
603762
584335
560030
733325
620474
594043
572594
568716
541645
564288
560401
741300
583645
554710
609092
681507
854061
1106775
703939
612889
585588
623318
551384
552897
783779
536376
531917
586330
560430
872826
612088
563597
545583
562555
576470
657773
726802
615194
582853
543539
547707
548899
550853
611547
554169
550181
685395
768220
1383183
851977
613070
625562
803777
544050
577663
566782
550722
551584
542247
530154
562775
580308
568526
547036
549690
558006
545092
842941
614231
547777
676278
695734
601147
654076
605345
561183
565591
546264
595246
602730
536055
536657
537708
553978
872386
539582
544320
585398
526848
556133
536656
527459
533991
548128
603000
583785
608931
558697
548619
602310
769563
578625
577853
818375
648836
570540
540824
540824
536226
530604
547306
953488
618590
685556
621425
548549
551333
571441
560460
655549
557735
696115
552636
545031
587842
565249
585558
639038
680866
712927
598572
755316
560030
568656
557595
536656
584746
647554
558617
718968
662773
539963
549691
519625
521127
576510
607078
627075
664887
1116554
659386
645830
555321
593653
559379
660518
515477
550622
531727
519294
531887
569127
746059
527298
565230
532538
558337
596749
662001
582121
798527
603702
545913
564578
614011
633768
869470
619461
635682
566973
551975
535985
701735
573506
536846
530505
532418
577152
525725
690664
531537
519223
528861
538550
526778
531646
624000
540032
526287
584636
611547
624871
647804
597090
612007
567303
551433
593152
531947
527359
699081
525876
542296
578835
566803
542447
545392
539021
521388
704181
531747
517050
580508
526878
550993
531887
533510
1108378
647774
588143
639379
595045
536215
726983
532859
521328
528751
523131
528992
832661
537618
530555
530034
537688
535674
535674
525194
519975
566001
583404
541465
537367
537107
672370
637615
594886
603401
669154
575208
792115
544771
537077
555161
530565
540052
910717
547466
554890
567995
532287
543549
530926
712426
540494
558196
544040
598613
547296
741180
559499
587932
605064
671980
646853
853289
672481
562264
546475
535674
549510
755386
558918
566642
603582
589135
668603
582822
598753
609462
561783
820207
547897
538179
538680
536215
581861
734928
735800
653696
679474
647043
616576
1151839
641032
785383
560471
588573
722955
577112
534282
547296
527679
611536
532037
534652
531215
533140
547186
536496
531546
561031
636964
649127
745708
547016
597631
788157
654257
622116
627236
559308
551955
772759
539441
558357
535143
530815
573956
574827
620654
589896
554650
538330
528722
547176
528751
712776
575489
542116
545323
556814
558758
578846
627567
837991
622256
535504
575679
581961
542086
705412
537407
524633
555642
545673
542006
539952
724308
535734
535974
529994
523301
621575
632736
570530
851616
590507
544180
564408
588573
607289
1106024
582953
553558
533611
544731
531767
738424
536776
568315
542006
551965
602309
626885
597249
698259
542477
621646
577723
528350
529622
542126
542277
541595
527719
569227
866655
659706
582212
541886
604484
738294
542697
534372
584707
536215
542126
537578
548028
559329
531276
816591
541916
606657
541314
533641
525034
570549
557095
546966
541735
707877
745648
608731
571421
800340
594164
542056
539000
524954
583444
815168
576992
562665
538900
532559
543569
526487
641863
574818
532118
531597
524073
535334
526276
687960
546775
563086
680837
609012
551023
765566
589335
537147
545463
532739
605014
555933
559349
537578
532739
530324
529854
530435
526888
568145
743824
558377
548939
570750
535845
541105
533110
531997
585307
541625
593253
624601
630562
603972
573916
870091
680075
567333
539942
898555
541425
534712
548448
525045
545352
603221
536415
539972
526066
543599
525075
534512
524584
548939
974077
580889
599073
638477
616576
598081
770073
586530
698680
575328
564809
541445
541636
528020
533641
525105
963827
543309
530174
524504
538309
522720
533530
550422
544751
649157
638968
804127
558538
652643
1011907
646302
741279
768360
586049
922820
576250
553668
543599
543519
585448
548688
546615
569839
552816
546725
604253
609593
584816
734868
581319
547396
541866
565060
634780
598893
794430
685415
611767
578404
564588
543259
541164
541926
547827
553387
580428
946515
551484
537888
537748
563125
539140
532608
526998
578044
545112
564418
556784
540874
810599
617979
580939
678943
618199
584726
895038
560922
549029
572534
540433
593353
545272
526467
858650
533159
538179
535905
527298
517711
578695
576381
546585
556844
579297
543539
556823
728326
621305
709680
611777
575478
582162
591359
573095
556283
553899
582773
741019
535163
532158
536766
524483
542237
535184
532839
617989
553348
879298
568145
550272
570109
573705
556754
989114
669565
544360
564919
542267
537938
562094
592190
995256
587190
605085
579597
764444
559139
556092
567003
767059
658364
731671
570379
528280
537227
538369
543038
587081
720941
736901
581060
568596
568726
528000
544280
538680
571852
738895
605836
601698
613460
554590
564247
541906
533050
789340
537227
534973
541375
544521
754053
556453
619692
706003
645650
579687
583735
814657
574778
543418
555822
599514
547346
554048
679223
545242
526767
540633
528871
531918
590908
589956
742632
530985
532659
532368
533500
557796
589525
906560
602389
619382
583784
576360
538910
821100
556353
610835
533069
536666
536867
557665
537137
717144
545293
545493
597740
527089
544811
549070
527379
667822
521408
539701
570920
791023
670477
620263
608621
616847
579437
571071
548929
577663
555882
557766
534332
749566
535684
529773
534041
548749
598592
527529
542608
540774
538249
544251
525616
727624
531747
617437
602159
608471
596889
607218
583464
596469
563627
609783
608210
539442
963005
541866
553848
540433
538179
523962
565771
524263
798527
546093
524894
592540
552887
539612
965390
605175
698169
678442
758151
699111
647093
960911
590096
672180
553107
565330
718166
552636
582612
644869
648606
714981
695474
574717
562274
778310
541445
605035
540663
531817
638177
664095
727334
635341
584045
640471
545152
540343
743293
539321
537959
538029
536385
613139
619722
539201
548388
525084
530455
542778
545753
724328
568175
617277
550963
543218
557746
585878
614813
581571
602319
761468
577603
536305
532167
537257
540633
535865
541385
546625
606296
564448
578805
549911
840546
542818
538991
531327
527949
592260
522550
521438
526056
531126
615745
629971
595657
993743
629330
549420
523812
825528
532127
517049
531456
562214
620704
538199
557255
534532
567053
566041
546685
534893
521568
537457
574077
532298
558436
552055
531917
832551
632025
740839
657823
610925
916328
541725
532969
548088
558817
682359
558357
589516
837750
582482
551865
638868
592210
635682
547066
531446
660759
538339
525015
534282
536917
603431
667050
569237
591419
556353
604794
545643
525155
720972
580178
529122
535544
526648
544651
522370
664426
544060
525916
777247
594244
552215
531797
525496
537298
524283
545643
531857
659496
617417
603552
568586
566873
585087
846296
543970
562685
556754
535604
520355
525756
525946
529804
522209
547156
560240
586991
536806
520075
778610
528460
519043
520485
518612
550211
621144
610164
1146680
625843
562124
525445
531656
529603
882655
526837
525054
591118
541956
549540
533350
519274
792626
536806
527088
535965
525004
533309
524433
534803
524273
566031
557014
576781
622847
791203
552395
547086
536355
525305
622868
582272
562374
768821
536987
571561
532178
532068
530073
556103
866294
533540
526517
526377
519003
530514
530053
750067
536165
527208
550201
661931
588092
695233
553277
525836
597750
526718
539882
532669
530535
524693
525015
527669
525976
580689
623519
756208
606678
551944
540013
532588
525856
536837
592281
574297
611967
636533
922850
597320
563777
553989
1040170
569888
541986
534502
526217
534041
543449
542106
648766
574366
561553
577983
612708
790852
548138
538339
532959
569919
579646
562795
547266
660889
538760
560050
589906
561724
595427
530455
817292
533670
526527
528040
530875
519013
521918
557184
541936
523050
529622
527199
529713
539121
521517
718687
589285
533560
527199
521478
525826
521277
707306
561562
585057
596338
566202
539611
837040
530324
528050
526607
530244
526958
539601
653876
529292
521989
526968
518913
526728
515517
656601
556964
524453
534552
534121
526647
521297
660107
565330
551684
636975
565090
551744
653004
528681
528140
520155
537708
526908
563957
724579
534191
559479
541836
533360
538239
520686
691066
553327
527238
557686
534923
539672
525715
704431
537408
622167
612549
589555
576541
544942
583774
703809
538339
527208
599343
704210
542046
583965
559779
578264
551895
555111
709400
587892
539101
534182
524253
529502
530084
528531
828092
656440
540003
587692
586380
547346
542848
571281
589234
743183
540263
528241
533821
585788
533871
535844
523472
544601
529312
547135
523291
698870
583694
619822
570820
560481
586290
893576
560281
528150
581260
528982
535103
532889
525295
537368
541315
534753
524713
534753
562385
523722
782648
526988
524052
536536
523722
648726
563507
552827
533641
606817
565270
569417
581611
577172
563055
920766
552806
551554
554740
540784
525565
664476
531055
533751
578114
523642
533781
519815
528070
523591
754956
532919
523351
571101
533641
531206
522900
565560
745829
564779
570811
547667
588644
697558
531987
526297
530004
524453
537198
527419
529472
561292
749204
550523
530484
524163
518572
522159
625573
518392
563797
521217
537057
526868
524633
558937
560010
567163
557294
583224
562355
537518
726031
535123
521768
526076
521478
530935
586791
685845
526698
529423
523121
518542
537487
530154
533290
913212
579236
554740
547337
600576
556283
562455
559128
643516
671589
740118
530124
523722
530905
529903
535655
533129
577913
785653
558136
583364
556884
663694
529342
752080
600185
533200
532739
536115
543539
520636
689893
539381
542497
643506
644237
550172
552616
547817
694663
532468
522279
529663
568155
530334
580388
535063
532098
525325
526817
517620
682209
574387
536536
550793
519614
536256
526247
533390
530825
532949
604133
601588
575158
566953
548018
736361
530123
525555
534222
557054
810079
578464
559158
545924
535784
531747
533800
534973
612408
567414
544681
524444
528871
912631
596699
543269
603431
575579
585468
789419
551895
554559
530053
535544
536065
623238
563126
825858
533159
532709
548628
544922
560641
529082
757190
545763
566442
537959
543129
529152
531837
553477
542417
589816
545242
541475
539542
535393
521207
733265
528591
564058
605035
548098
730810
554360
548798
573115
586961
583614
643086
577813
971301
546485
522490
523962
512181
514825
524053
612238
673172
526267
529362
528050
517821
776105
551444
631173
572123
525776
541656
526117
533770
711143
523993
525184
573134
522059
531717
523201
660638
512090
536365
524182
513803
527699
573275
689883
521348
517209
523962
517470
531667
551203
859060
637074
573164
553097
536576
525015
695294
528871
527889
591419
530053
531687
521007
528010
517319
533059
559219
537678
742843
535474
531607
530955
522310
673673
524012
531046
518642
615073
633598
557686
891862
542747
526126
529663
533640
527459
583985
567354
692949
561092
524072
531877
520706
527379
518242
572553
529313
524964
526858
528621
538590
520516
727554
535053
584686
571171
583704
550883
561122
571721
603772
805289
560922
583393
877715
530905
526828
528992
536135
533000
528581
778489
561824
532990
540012
547587
526958
597410
527419
541946
583654
546053
577593
580789
576741
556824
539031
533300
704771
606718
528541
529944
697868
533120
530956
521367
530084
526487
596338
545032
543769
554620
530154
836258
565761
533270
538189
735018
551865
551063
539331
569538
603261
601979
544501
725260
529593
533070
540423
541305
547427
538339
864300
577753
665318
553007
521478
541005
540062
522069
812073
534021
565510
561813
540884
568075
527258
790662
579837
553398
549230
645741
574276
553027
538469
555933
575990
556003
545934
541976
785432
540433
528901
528100
574227
612158
545162
532979
568917
592801
543840
732524
537388
538289
563416
579136
597991
615754
556904
542557
537347
514234
527809
517831
774672
531467
581791
539241
543769
540173
523632
524343
573626
550221
523772
576501
523181
705283
535484
536576
544781
545854
589305
542427
723156
538049
528310
559129
523982
532818
521478
723597
582131
549730
540714
523361
546074
579186
535915
714359
543479
650840
647544
557205
539481
728375
528531
564058
543670
528461
592641
545453
823463
561863
540965
551825
573385
567154
876543
536886
520886
526908
518312
540403
514565
532077
531857
576921
556974
519895
541695
524984
526978
525385
525385
758422
666439
648396
555722
557124
546665
543679
532288
537327
522820
743604
534793
518492
525936
524573
546915
532047
528922
523221
528140
540373
522129
542006
521067
913923
531597
525645
531666
622126
597710
598763
555321
559869
529923
523281
542747
524303
819286
570129
543970
533550
540413
541435
538650
524363
529994
566482
531437
523692
543148
831930
531076
546194
531717
546274
594184
585207
582412
585337
535133
552586
542116
540563
534172
907311
535534
517601
518813
533170
520947
528551
529632
538860
569358
566572
572593
534963
835477
533901
525335
537277
530304
592440
525194
524793
547096
554720
585528
566682
570219
897622
551264
528941
528540
520696
548067
540754
548879
523612
528801
600275
524463
552897
534912
829645
524253
517971
530905
559619
586529
541505
527749
536175
520025
534021
524914
545723
892964
573565
569528
536957
528621
551955
525205
536306
529252
577783
541956
544611
580198
587110
547426
565310
745257
880942
641112
628719
862277
559358
588173
550222
539602
640992
1134788
575589
614362
632236
580438
555181
538660
762579
560300
600295
694923
552506
559208
565480
552146
674805
557165
570429
804869
608962
578695
643947
612819
686908
630251
622327
577503
773861
562846
561934
805810
684714
588664
590376
570750
558357
557686
566553
826720
634500
562134
574838
592221
682319
567003
769573
586159
684182
758672
568897
552375
563366
549199
553928
542868
820498
556092
543409
550543
558537
610064
761958
621505
615734
616697
563878
551775
756769
609332
553527
553157
547296
594475
552727
540934
706274
552125
554891
572874
539541
540754
737563
536506
568556
546435
531536
543509
704761
641784
807103
904416
575919
608702
592551
713167
783238
932268
608571
1072771
765806
694622
558487
577894
631474
818174
584346
623189
615134
549130
536446
728747
595156
578635
537958
530565
536335
693600
536987
613971
606417
608851
711293
538880
537478
533991
525355
534813
526657
536826
615203
562835
578524
636493
611877
729517
587772
563977
602930
545443
658244
747170
614913
633287
597851
566652
820738
573645
540323
574747
541245
560772
572433
550202
957746
557997
601417
541224
547456
553037
545693
527078
711003
605555
598041
659957
607800
602420
660768
919885
569397
765125
650850
796113
580889
572103
560982
657633
1109440
639839
580778
549140
578114
549730
581600
637004
1134427
582683
667061
727084
549130
603862
579456
892653
650008
577573
560370
562094
668914
596348
633438
617417
628018
584435
572964
546535
586750
576611
572743
569708
650209
556784
633197
655690
549069
851377
623158
574057
636553
560772
564448
563526
587151
834244
570600
562274
552767
659777
587601
815248
584075
587271
533140
539372
611396
600756
559559
615724
874349
618740
583594
587251
711805
614923
573706
538930
606176
624020
548188
801283
546314
656450
646482
564698
535394
762610
555542
531617
563887
1148223
813105
602369
557886
571110
556764
527850
561663
641392
703038
539251
541084
734317
690294
718247
658845
664255
578805
773139
595476
557455
548949
525385
576902
627156
530715
640832
587592
580548
546635
575018
569187
539000
612238
719128
565009
548508
530865
520285
571441
557505
798076
750577
622827
565089
550141
738224
544020
535394
569648
605796
598101
546295
704481
560050
568576
535143
521267
609182
683081
521478
528681
535544
537588
522149
536817
715732
569227
658355
752391
589224
581570
565120
541074
540223
643076
541465
711233
564508
569238
531667
542587
541034
525866
589324
527438
538740
708368
541655
552265
568686
550863
541285
655028
577743
541465
688721
687469
875582
534252
537999
909205
552315
549040
585317
606747
573294
555702
576480
704781
542347
534482
541956
544811
528932
523882
797525
554209
569778
589766
543830
537397
689452
670166
557996
674625
608340
540072
536376
543579
558527
593582
572513
624140
541285
976991
536326
524533
533851
522991
544290
750357
533410
531857
571882
571421
626675
554600
1185663
568045
582012
640681
540053
725991
557395
537678
526767
546695
583143
593803
608560
542407
528471
537237
545292
525605
516759
745006
537708
591069
617137
552626
606508
556483
562394
797295
559199
535684
580198
578594
576861
872296
541716
539732
528781
525986
802385
542447
543679
549009
531817
517850
732664
526487
551153
565089
542618
532488
520626
672521
532458
560050
558648
531857
661891
788248
568285
559279
538209
520235
529563
526086
793027
556664
526257
583274
548078
531065
738003
525505
562575
580789
543689
565490
527439
688982
577843
534032
706354
711604
568325
571000
562184
692297
543048
524473
542357
543549
607469
581740
583825
758101
559999
542086
540914
537978
741210
537588
519083
526467
526567
532058
524183
595927
552446
632967
554590
560721
535734
555912
542868
669095
634019
575229
604764
578024
563577
703388
533059
547156
530495
525074
530144
642945
531055
795812
576801
542547
531837
521247
540393
591169
560641
542006
596489
538790
528731
519704
523582
521838
750246
555742
520936
580899
564588
721262
529252
518952
526146
574897
533190
516960
527900
557255
538961
529793
518282
532979
525465
630422
1077389
577743
557285
535604
545122
531557
640441
575919
528531
539711
522049
526848
514544
554981
522590
533100
571281
930604
536165
587361
541365
682310
525766
544110
589766
549350
574888
543780
548728
528240
765085
534762
523421
610915
575739
547616
716854
528330
528761
533941
586720
594414
611075
607900
576371
604563
777998
613650
547897
538329
605846
527960
538480
535223
817653
582722
532689
547767
531467
650419
906609
611707
620994
541495
532368
563066
728025
592110
531256
529783
523091
548969
537869
549611
556954
533009
730920
529012
535834
579256
675396
661269
698810
527148
594545
581360
528751
546775
525675
801623
536616
517841
541766
591869
537698
692237
520706
529833
520506
530084
534602
546584
754685
576621
562154
537778
566161
560571
599774
721833
527419
546465
531176
513593
633247
710632
526106
545252
552004
571532
543329
533461
531416
527929
524483
533370
519955
558016
546014
717665
527138
527819
521347
539291
549821
524714
561483
707527
611997
539462
590627
572253
554018
521328
831198
530454
573966
554499
550462
537237
528761
525435
743935
523612
528320
582823
538209
602990
531206
680415
536045
537768
534362
534773
612308
529272
526807
732103
521918
525215
530545
542266
524794
564869
705934
565550
528481
524544
562644
548518
524854
551183
582041
544241
537217
513923
532348
524674
734577
540093
538990
613129
584977
515948
534462
515627
689913
545403
562765
525606
585558
543689
544200
541575
903193
553287
543759
538149
573796
688250
579557
541806
799549
584015
622657
600746
773610
610955
561443
545263
542407
546044
536486
559299
563998
555952
630923
625944
552796
546004
556584
778359
535103
545393
615824
525415
656451
563517
684503
587151
534111
553878
550552
605305
587150
1136551
593944
523802
670848
535363
587883
528561
548098
613750
574908
565170
560230
554770
778229
601097
525866
555432
537618
521728
538339
535644
525575
532589
590126
595075
569157
540654
560601
565229
537287
544842
538059
574888
640120
825407
545934
555571
531767
522028
532969
538570
842239
534853
545292
551895
521147
547586
529322
525175
549620
593572
553177
527700
558618
546384
633307
824606
545443
601909
533089
563506
532137
568466
728576
544631
608801
611947
567984
550151
528841
534713
567193
545834
715672
544020
656421
537378
580027
627697
578554
589496
614892
739346
608962
563276
759484
550773
562785
581510
623759
577964
602760
555812
781475
561883
533090
528631
523030
552927
524333
586900
655379
557465
566933
542667
547707
762149
555271
534933
588103
549540
540975
520446
743865
528782
549059
593744
535244
592822
654818
530795
601949
534572
536456
546324
533731
852338
554029
522359
543529
586901
532107
529954
691196
544992
603892
616566
608271
569798
741079
542717
535434
534362
535864
584186
520295
518362
526276
515887
526376
549390
535243
516869
725390
519283
508454
521497
512521
526767
516288
528781
527749
517500
606988
520997
536135
528060
549000
797445
539091
547437
605826
589656
564278
629360
757531
1168291
646262
599013
737102
568045
958427
534872
521047
549029
543289
542017
598282
602269
545293
532488
570429
548518
544150
738163
588744
528912
533711
545082
533611
520165
541775
534091
535915
527649
614693
527639
515877
644709
526678
512241
514214
545623
524964
561532
835216
556884
514805
566632
562625
530835
528270
513372
565079
512822
535654
546956
526157
843942
521137
516027
523201
596789
530845
545803
712466
538299
527369
559018
532659
789681
801613
802805
739366
598723
573204
597360
579647
1077680
553228
579146
540744
563707
551494
655670
601087
610063
900708
554840
540102
539591
566903
558737
542778
621625
553618
539712
539091
554930
601738
553157
792315
561873
609022
548157
553748
784531
546574
561543
552135
573315
597841
534231
522560
530194
525976
527800
517580
544170
703108
579867
575509
538630
528461
536345
530565
703620
548709
547747
615373
552977
555952
825858
537147
537899
536796
527298
538329
601488
685395
540573
548409
537507
524554
545753
532328
528831
675226
539692
532438
539933
546755
547176
547506
574277
584516
541245
668804
575238
541816
537167
530254
543158
536586
670688
835837
530284
528490
544371
532268
529522
520626
786314
706264
655249
586089
555031
529753
729929
547497
535023
616826
577944
570139
542587
541976
561102
611406
531436
529062
570179
528772
557345
708478
526417
521979
547507
541835
548017
583694
694673
523121
513673
523852
523762
527339
513132
533380
974597
579416
551323
548058
537627
534262
523221
522329
516398
576591
520326
515967
525946
538840
529312
542738
674074
522920
558968
522780
510457
531075
523421
528080
520435
516008
747371
577342
536937
570540
534752
537287
533350
805831
521528
516939
590326
594775
540383
533620
530124
522359
541345
511219
522951
565631
803517
530564
521487
523672
514014
546295
521247
519914
562435
520907
537949
537227
549831
546083
722655
565941
526197
578344
541656
519254
833222
514906
526086
518292
531867
561102
570360
852157
537107
514084
523401
508524
532859
507150
513663
565971
516869
517440
549380
552576
553147
687980
543038
528721
575629
520265
525546
664236
513673
525295
516348
537347
511970
521728
862116
517610
524483
520125
511048
532258
530134
526918
536987
553658
521077
528311
532999
535213
758181
528380
521818
540944
582141
543408
520826
709370
530244
513542
520325
536466
531606
569778
550071
555482
544981
544881
547797
866454
647744
731882
537488
532348
514695
555271
553047
526357
526858
541956
914414
605956
536115
524704
524443
519033
666599
626124
568296
589846
525104
615223
513071
519284
657042
618429
624521
612899
564228
759694
533861
524243
545843
562915
564889
703058
604954
824185
546344
548658
545543
556573
525455
524513
512371
665819
528070
524454
524683
705112
525025
518873
524644
514785
550723
505698
526567
522790
520015
520746
512822
567204
548348
960450
545984
549340
522269
528942
516599
764002
518792
523090
607339
540293
522640
513212
518853
517891
523632
517269
513272
553828
554319
546314
525385
929021
525997
524333
536055
561112
677230
626755
751479
527719
562404
532278
518893
856255
569107
512732
579205
521708
527209
513072
525736
560271
578976
634029
577232
738414
532208
519263
604222
576551
534613
536676
650199
743584
706595
555261
552035
621966
533600
1023719
572123
628018
565210
560471
532599
529583
517981
600806
582432
532759
524614
572493
543509
528130
523722
732904
519764
578765
708027
527569
708478
562315
540663
547165
522299
929512
566823
521086
524994
540213
559368
624290
524133
528000
546484
531176
543429
517851
526908
517280
514144
510097
514684
513653
588493
669796
562965
547747
700563
561663
553387
539271
532529
753783
523201
528441
513071
527358
519163
514785
808967
557545
557045
523121
530564
530555
516207
519183
518412
676598
521357
555582
518853
520356
523932
514164
548398
528631
520436
545723
563987
527940
528020
681368
519845
514995
523621
516389
519875
513402
561543
531938
514815
533680
515807
517891
516799
520425
515948
782427
539421
685475
665617
547476
529202
541355
524433
531336
549621
516047
860172
526327
520024
524012
526416
521317
538549
892834
513713
518682
515346
514675
522349
753122
522539
572022
525806
529292
525926
517481
654778
521949
534772
524473
567213
594204
527068
759714
529583
512261
528581
515617
555491
576992
527119
678793
522750
556864
542157
532999
550032
519584
748133
526467
574287
624791
540033
535264
755126
557665
542417
666490
530976
729648
533370
531145
581079
649888
621475
587932
609883
530154
525025
608200
529843
510006
520937
510377
570860
523231
530053
537909
521588
524323
513713
631915
516077
561603
673482
714820
588653
575269
543920
583614
800170
544742
639268
536515
520155
797175
526948
532278
525325
518322
698860
609964
532609
584495
538299
748924
529533
604293
530154
644117
640991
613490
551313
703940
560270
553447
546064
564849
527178
524313
518182
531627
521598
756378
589305
524644
595697
555562
524523
725299
525255
588704
538179
575249
895328
760706
674594
651782
654878
676378
617869
836198
683551
610224
587462
575740
634008
798768
