2885
6382
6673
6432
6352
6523
6282
6382
11131
6122
6021
6412
6202
6292
6292
6612
6292
6332
6051
6192
6161
14477
6171
6342
8736
6131
6212
6192
6102
6362
6172
13846
6372
6372
6693
6221
6422
6592
6382
6182
6572
13625
6352
6342
6342
6031
6051
6302
7013
6562
13465
6472
6542
6292
6301
6152
6743
6372
6212
6261
13686
6352
6302
6692
6342
7374
6412
6302
13575
6482
6182
6271
6011
5971
6161
6272
6462
6031
13255
6271
6632
6162
6573
6062
6101
6272
6202
6222
8336
7264
6182
6422
6161
6292
6252
6091
6613
6442
6362
6482
6141
6071
6201
6462
6522
13896
6342
6332
6302
6883
6533
6452
8566
7034
6693
13746
6282
6152
6132
6042
6081
6402
6372
6271
6272
13886
6342
6402
8486
6493
6543
6793
7023
7334
6232
13666
6442
6352
6221
11352
6052
6381
6111
6101
6151
6222
13626
6262
6132
8115
7123
6422
6723
6151
6142
6312
13555
6482
6131
6503
6803
6512
6763
6522
6553
6623
14046
6092
6281
6312
6111
6312
6082
6112
6613
6372
13656
6652
6462
6432
6663
6432
6552
6642
6793
15219
6642
6232
6252
6092
6212
8697
6372
6262
13285
6132
6171
6432
6362
6041
6392
6292
6362
13776
6783
6382
6342
6703
6201
6422
7013
6202
6332
13997
6582
6422
6542
6552
6352
7765
2966
8246
6572
15128
6502
6542
6472
11452
6422
6152
5991
6252
13535
6131
6122
6102
6442
6031
6131
6262
6482
13916
6532
6552
6592
6412
6222
6212
6492
6382
13546
6282
6161
6442
6212
6242
6232
6332
6181
6372
13676
532468
6532
6102
6112
6693
6382
6312
6562
6592
6573
6793
6262
6212
7454
6302
6412
6041
6202
17914
6232
6162
6272
6352
6201
6272
6241
6081
11020
6402
14086
6653
6231
6222
6121
7133
6853
7073
6452
13545
14397
6202
6131
6402
6352
6382
6702
6682
6202
13776
6072
6212
6101
6542
6682
6382
7273
7224
6151
13676
6332
6462
6202
6141
6723
6722
10189
6963
6602
6442
14938
2805
6292
6071
6362
6813
6121
6071
6101
6352
6202
13205
6092
6002
6051
6202
6312
6022
6772
7384
7534
6492
8597
6552
6211
6653
6342
6873
6512
6402
6372
13916
6142
6532
6191
6181
6232
6362
6152
6141
6222
18134
6072
6052
6352
6342
6482
7133
7053
6462
13656
6322
7214
6292
6162
6112
6142
6132
6052
6081
13245
6142
6302
6161
6162
6712
6522
7825
7074
6192
13385
6142
6272
6212
6192
7564
6352
3095
6372
6422
6442
6612
13545
6241
6331
6192
6211
6332
6532
6131
6171
16802
13605
6502
6321
6171
6292
6152
6221
6643
6613
14287
6983
6132
11582
6212
6111
6282
6182
6302
6342
13465
6302
6042
6061
2675
6402
6422
6042
6382
6362
13785
6212
6442
6422
6172
6352
6162
6852
6562
7414
14958
7003
6513
6692
6181
6903
6322
6342
6322
13826
6171
2765
6252
6142
6392
6633
6162
7043
6281
6152
14427
6291
6141
6191
6512
6412
6562
6542
6552
13876
6181
6242
6352
6082
6783
6201
6693
6302
6382
6973
6342
6092
6161
6121
6212
6112
6311
6722
13335
6191
6091
6081
6291
6322
6151
60774
6522
13676
6172
6182
2715
6282
5991
6352
6492
6422
6342
6282
13715
6101
6102
6071
6412
6222
6272
6513
6552
6202
13616
6272
6362
6282
6853
6442
6582
6352
6492
6211
13826
6222
6362
6181
6062
7895
6091
6132
6222
13625
6061
6352
6161
6342
6382
6292
6071
6142
6342
6191
6202
6462
6222
6152
6352
6092
6382
6162
13756
6242
5991
7003
6242
6362
6382
6602
6092
6261
6282
6262
6372
6171
6542
6202
6001
6061
13616
7314
6412
6252
7023
6372
6251
6212
6222
13646
6112
6522
6051
6151
6152
6191
6603
6301
6041
14026
6202
6062
6071
7233
6402
6522
6232
6633
6192
13565
6342
6142
6302
6132
6192
6081
6392
6132
6211
6072
13405
6041
6202
6502
6583
8897
6172
6472
6733
6372
14196
7243
6192
6091
6081
6232
6201
6252
6132
6412
13535
6081
6241
6072
6191
6201
6372
6352
6342
6422
13455
6022
6262
6161
6392
6432
6191
6402
6492
6162
13996
6493
6222
6422
6182
6983
6612
6252
6111
13665
6172
3727
6312
6041
6322
6352
6211
6142
6321
13565
6242
6312
6131
6462
6292
6262
6162
6102
6322
13355
6041
6583
6242
6322
6202
6172
6462
6172
13726
6162
6272
6161
6092
6272
6081
6372
6221
13646
46998
6332
6332
5981
6362
6152
6372
6352
13014
5410
6272
6182
6232
6021
6091
6212
6181
6231
13725
6152
6221
6252
6011
6152
6201
6412
6242
13525
6132
6261
6132
6332
6513
6041
6152
6151
13565
6312
6272
6092
6543
6432
6562
6432
6352
13595
6763
6362
6211
6102
6202
6192
6262
6191
14497
6372
6292
7414
6332
6532
6702
6232
6292
6372
14036
6191
6191
6463
6482
6302
6412
6322
6262
6341
13666
6422
6221
6182
6111
6412
6212
6181
6613
6262
6251
6232
6131
6372
6132
6071
6292
6302
6362
6312
13496
6192
6192
6432
6201
7204
10379
7514
7514
6833
14186
6552
6422
6653
6923
6573
6943
6422
13765
6282
6532
6453
6542
6512
6251
6242
6372
13636
6222
6402
6382
6352
6132
6362
6493
6693
6823
14227
6913
6202
6322
6272
6522
6172
6202
6352
6121
6191
6342
6132
6643
6402
6492
6513
6322
2785
14277
6622
6312
6602
7013
6723
6772
6693
6322
14327
6372
6422
6331
6452
6522
6322
6272
6222
13826
6152
6692
6533
6512
6432
6402
6492
14016
6282
6392
6302
6311
6743
6633
6282
6943
14046
13786
6152
6412
6271
6192
6382
6663
6262
6813
13605
6282
6282
6242
6201
6573
6412
6422
8105
7354
20077
6873
6252
6903
2746
6813
6362
6412
6372
6291
14076
6312
6262
6792
6362
6181
6412
6863
6833
7114
13846
6602
7234
6842
6532
6512
7123
6642
6602
20178
6753
6602
12744
6282
6312
6272
6201
6161
6622
13616
13665
6262
6292
6432
6483
6422
6633
6842
6772
6602
6262
6593
6291
6201
6422
6672
6292
11752
14307
6713
6482
6281
6121
7173
6532
6281
6512
7143
14517
6432
6762
6311
6512
6132
6132
6472
6282
6261
6182
13766
6693
11792
6893
7263
6743
6713
6743
6893
13876
6231
6332
6412
6261
6502
6151
6342
6352
6282
13986
6512
6412
6692
7794
6893
6272
6352
6372
14637
6201
2825
6482
6613
7393
6723
6242
6362
7193
13966
6111
6953
6762
6722
6713
6512
6392
6131
6702
13456
6943
6823
6161
6332
6382
6201
7454
6412
7023
7835
14988
7224
6492
6723
6543
7013
6713
6402
6622
6643
13986
6332
6392
6583
6161
6302
6372
6583
6262
13896
6252
2825
6772
13846
6382
6993
6542
6512
6402
6361
7684
6702
14337
6142
6241
6191
6472
6432
6362
6482
6342
6222
6312
6462
6732
6141
6442
6252
6412
12774
6643
6713
6643
6452
6512
6342
6242
6502
6422
6332
13666
6322
11902
6241
6121
6291
6492
2655
6262
6392
6322
13886
6703
6573
6553
6141
6302
6292
6893
6953
6953
14437
6522
6502
6372
6462
6212
6482
6532
6753
19767
6272
6412
6141
6331
6472
6452
6532
6412
14316
6282
6873
6492
6251
6271
6653
6963
6883
8286
14667
6342
6372
6442
6362
592480
11913
6372
12243
6322
6272
6462
6432
6532
6543
6342
14026
6282
6272
6111
6352
6412
6362
6422
6412
6312
14377
6633
6191
6231
6332
6302
6332
6282
6402
6593
13866
6352
6142
6242
6592
6112
6352
6222
6312
6311
13715
6302
6282
6262
6352
6322
6282
6251
6221
13816
6593
6141
6171
6552
6883
6733
6532
6242
6332
13825
6302
6362
6282
6322
6573
6662
6562
6332
13786
6452
6442
6222
6482
6602
6423
6311
6152
13776
6332
6593
6392
6422
6272
6372
6242
6542
6212
13746
2745
7153
13646
7083
6672
6212
6161
6161
6502
6382
6182
6332
13546
6122
6332
6251
6532
6331
6543
6422
6552
6382
13676
6301
6171
6652
6532
6322
6562
6663
6632
13666
6382
6583
6512
6352
6602
6883
7133
6703
14006
6251
78847
6262
6592
6392
6913
6953
6783
6673
6282
6141
6152
6132
6402
6232
6432
6251
6432
2645
14287
6382
58279
6192
6592
7414
6282
6492
6362
6402
13976
6222
6342
6141
6371
6261
6502
6712
6372
13595
6272
6452
6321
6653
6241
6442
6301
6382
13585
6542
6252
6352
6222
6051
6152
6202
6291
6282
13766
6262
6302
6322
6161
6312
6072
6492
6732
6172
6332
6332
6272
6402
2735
6613
14006
6221
6342
6402
6522
6312
6512
6693
6382
13565
6422
6111
6192
6502
6272
6672
6111
6482
6983
6412
13685
6402
6642
6222
6482
6422
7093
6702
6302
14197
6282
6452
6642
6372
6211
6311
6392
6322
6572
6522
6291
6442
6191
6292
6212
6472
6181
13846
6241
6432
6192
6202
6392
6181
6462
6642
6202
14047
6262
6262
6362
6542
6562
6172
6131
6252
6192
6112
6271
6232
6392
6172
13906
6492
6272
6212
6232
6141
6673
6292
6722
14166
6402
6302
6362
6553
6833
6292
6553
6613
6452
13796
6241
6261
6733
6281
6302
7784
6613
6552
13836
6412
6372
13004
6272
6162
6342
6242
6272
13485
6482
6492
6172
6512
13054
6252
7715
6191
13716
13766
6322
6312
6102
6742
6712
6452
6432
6282
6502
6523
6822
6983
6602
6422
6412
6472
6262
6532
13586
6232
6171
6612
6583
6662
6212
6021
6282
6202
13746
6833
6221
6883
6162
6151
6161
6272
6492
6282
14226
6973
6192
6402
6552
6422
7494
6281
6783
13715
6593
6542
6071
6523
6332
6342
11932
6232
13576
6302
6332
6643
6672
6873
6482
6462
6682
6252
13876
6342
6643
6352
6392
6261
11442
6592
6342
6311
13926
6392
6312
6312
6833
6843
7083
6452
6522
5461
6282
6222
6221
6272
6172
6923
6422
6161
6312
13646
6362
6532
6662
6352
6192
6612
6212
7454
13806
13495
6262
6271
6251
6242
6222
6281
6392
6412
6282
6482
13555
6172
6192
6222
6312
6412
6572
6341
6442
13715
6042
6222
6332
2725
6582
6311
6202
6362
6252
13595
6432
6322
6172
6662
6553
6613
6422
6252
6181
13595
6262
6222
6643
6271
6242
6151
6112
6231
11401
13836
6211
6261
6211
6412
6442
6232
6792
6242
13565
6402
6282
6132
6322
6463
6202
6171
6522
6392
13966
6181
6222
6322
6281
6211
6152
6672
6201
6522
13516
6312
6823
6282
6212
6302
6412
6372
6231
6242
13616
6502
6302
6362
6362
6141
6743
6773
6332
6502
13835
6202
6131
6192
6292
6342
6212
6352
6392
6092
13636
6332
6532
6613
6412
6512
6412
6452
13675
6141
6272
7023
6753
6873
7865
6472
6633
6452
6292
6272
6422
6522
6613
9107
6452
6241
6382
6111
6542
6131
6332
6141
8266
10610
6703
13766
6362
6152
6733
7293
6202
6332
6081
6102
14036
5951
6072
6222
6142
6092
6011
5921
6061
6132
13095
6032
5851
6172
5971
6001
8756
11973
6302
6503
6452
6602
7514
6072
6412
6051
5951
6021
6082
13836
6382
6041
5941
6261
6322
6693
5961
13255
6011
6011
5951
6112
6051
5841
6182
5881
12995
5961
5932
5801
5911
6232
6392
6011
9197
6132
13485
6002
5991
5991
2615
6312
6042
5891
5831
6022
6091
5931
5861
6212
5932
5781
6011
6171
5891
6152
13045
5951
6372
6101
6002
6091
6973
5881
5901
6241
13335
6342
6142
5781
6312
5300
6081
5981
5982
13345
6012
6142
6312
7684
5871
460995
6622
6742
5951
6001
5801
5891
13155
5932
5841
6132
5841
5901
5952
6161
13104
13435
5901
6292
5861
5801
5941
5841
6011
5851
12935
5931
5911
5831
6321
5800
5831
6041
6141
6021
13486
5250
5941
6402
8185
6022
6011
6001
5951
13135
5891
5941
6302
6843
5781
5991
5921
5761
6051
13325
6111
5891
5851
5891
5922
6141
5760
5751
13215
5912
5931
5871
5861
5981
5981
5851
6201
5961
13666
6072
6092
5861
5971
5911
5761
6111
5861
2605
6162
6001
5951
5831
6282
5891
6161
11071
5881
5901
13345
6121
5891
5921
5971
6021
6172
6202
5450
6181
6141
13065
5821
6112
6162
6292
6072
5961
5941
6632
5901
13466
5951
5952
6142
6081
6031
6111
6493
6061
6121
6523
5871
8406
6011
5881
5961
5981
6041
6061
13095
6322
5871
5851
6012
6072
5891
5961
6081
5981
5941
13465
6012
6141
5961
6112
6622
6452
5911
6002
6092
13966
5981
6031
6111
6041
6141
6192
6091
6191
5891
13655
6342
6352
6091
6693
7103
7294
6943
6442
13866
6242
6051
6142
6513
6312
6332
6131
6152
6201
6222
13546
6241
6011
6172
6201
6152
6612
6452
6352
13486
6071
6532
6222
6212
6202
6392
6041
6172
6332
6532
13695
6072
6181
6072
9277
6522
6342
6201
6141
6151
13536
6162
6111
6082
6522
5531
6532
6472
6172
6132
13275
6102
6012
6052
11632
6101
6462
6071
6052
13515
6342
8947
6081
6281
6172
6222
6111
6632
6532
13446
6201
6231
6342
6532
6452
6662
6392
6753
6512
13786
6272
6402
6722
6903
6482
6583
6542
6222
6111
14176
6332
6392
6913
6432
6152
6191
6422
6312
8376
17252
6532
6422
6613
6452
6162
6462
6492
6212
6162
13335
6231
6001
6091
6102
6101
6141
6131
6382
6523
9007
6312
13856
6192
6232
6022
6132
6111
6202
6202
6552
13586
6051
6262
5911
6111
6382
6232
6352
6122
6262
13516
6071
6231
6372
2966
6452
6121
6242
6242
6201
13705
6102
6091
6282
6081
6262
6161
6202
6362
13465
6282
8456
6362
6272
6241
6101
6151
6201
6171
13666
6492
6162
6302
6582
6272
6743
6241
6302
6262
13516
6222
6111
6252
6182
6191
6052
6282
6191
13476
6812
6232
6372
6202
6212
6392
6272
6462
13525
2745
6191
6102
6182
6242
6101
6352
6482
6131
13485
6512
6683
6081
6202
6192
6061
6352
6141
6312
13666
6232
6272
6301
6412
6121
6112
6052
13786
6302
6533
6191
6092
6392
6101
6181
6231
13786
6272
6382
6141
6281
6241
6372
6392
6321
6251
13515
6212
6783
6462
6071
6342
6111
6141
6492
7084
13686
8957
6432
6422
6552
6382
6252
3337
6462
6312
13515
6261
6201
6222
6402
6161
6442
6321
6191
6011
13646
6242
6362
6172
6412
6171
6232
6122
6723
6172
13546
6132
5981
6011
6231
8847
6382
6052
6201
6182
13626
6212
6241
6272
6973
6181
6753
6673
6252
6242
6161
6102
6182
6252
6101
6202
845465
12032
6482
6572
6162
6112
6231
6131
6252
6051
6152
13495
6051
6131
6162
6162
6262
6442
5971
6171
13505
6322
6102
6692
6362
6352
6522
6152
6342
6111
6101
6041
6202
6261
6342
6332
6051
6392
6051
13636
13265
6322
6302
6352
6212
7103
6432
6262
6342
6352
13766
6171
6171
6222
6382
6412
6612
6462
6793
62206
7174
6603
6532
6292
6372
6172
6412
6913
6122
13645
6232
6162
6151
6272
6292
6392
6723
6593
13535
6322
6191
6292
6081
636683
6703
6112
6242
13575
6492
6182
6261
6292
6613
63980
6572
6312
13686
6212
6111
6061
6212
6502
6222
6131
6262
13515
6142
613931
9037
6151
6513
6091
6301
6121
6172
6171
6321
6192
6262
6552
6181
6262
6462
6131
6141
6201
13645
6202
6051
6152
6142
6332
6592
6833
6683
6522
6132
6102
6102
6141
6102
6141
6212
6442
6242
6342
13335
6222
2855
6171
2615
13776
6492
6171
6021
6342
6372
6472
6533
6241
13846
6823
6112
6171
6452
6202
6222
6392
6953
13996
6512
6312
6522
6042
6152
6602
6132
6272
6462
13575
6322
6071
6151
6021
6392
6231
6082
6102
6382
6553
6032
6202
6032
6142
6172
6232
6111
6261
6312
13726
6122
6362
6071
5631
6372
6051
6142
5991
6202
13385
6482
6392
6272
6142
6051
6382
6262
6702
6121
6252
6312
6182
6022
6082
6853
6312
7524
6682
6282
6141
6302
6202
6351
6161
6983
6613
6271
6132
13575
6452
6171
8736
8816
7304
6312
6523
6602
6803
13765
6141
6262
6162
3687
6562
9758
9027
7394
6161
6281
13756
6592
6622
6242
6553
7223
6442
6643
6212
13806
6171
6211
6142
6112
7134
6422
6542
6251
6222
6192
6042
6141
6372
6031
6522
6462
6372
13275
6362
6242
6171
6101
6052
6022
6231
6322
6141
13695
6091
6112
6111
6132
6482
6342
6172
6452
13495
6181
6081
6192
6963
6553
6151
6352
6212
6362
13465
6021
6272
6091
6111
6292
6141
6232
6522
6141
6261
6081
8186
6121
6161
6272
6322
6162
6382
13565
6693
6261
6272
6593
6171
6272
7864
6933
13595
6202
6392
6553
6211
6211
6102
6182
6312
13686
6372
6252
6843
6292
6362
6422
6132
6172
72195
6262
6272
6372
6112
6753
6191
6042
6092
13426
6382
6172
6111
6141
6252
6291
6261
13345
6182
7164
21400
7494
6462
6402
6462
6462
6362
6212
6242
6152
13605
5991
6172
6131
6151
6092
6182
6372
8827
6312
6211
13365
6161
6362
52679
6251
6161
6322
6111
6261
6282
6071
6201
6171
461405
10159
6402
6402
6242
6091
6021
6141
8145
6252
13746
6211
6452
6422
5981
6161
6121
6583
6182
13886
6112
2635
6241
6132
6171
6152
6091
6322
6121
13445
6082
5951
6012
11291
6432
6102
6341
6132
13585
6142
6061
6021
6181
6172
6362
6211
6112
6101
13706
6112
6212
6061
6142
6121
6251
6251
6081
13886
6252
6061
6422
6031
6222
2575
6191
6322
6152
6041
6192
6092
6142
6121
6262
13666
6813
7033
6392
6212
6092
6202
6422
6272
6162
11481
6342
6202
6101
6201
6352
5941
6021
13505
6392
6572
6031
2805
6342
6212
6222
6092
6502
6452
6122
6242
6151
6301
6572
6181
6111
6442
6722
6071
14717
6573
6282
6152
6312
6592
6653
6572
6282
6522
14567
6913
6072
6021
6533
6162
6132
6442
6553
13616
6523
6322
6212
9618
9307
6813
7103
7544
7544
18295
8436
6893
9017
8185
8947
6973
7003
7574
14056
6542
6623
6172
6201
6222
6061
6172
6102
6131
6111
6171
8406
6102
7765
6262
13866
6352
6432
6132
6453
6302
6241
6031
6082
13726
6222
2685
6282
13646
6593
6412
6442
6182
6362
8997
6121
6181
13816
6152
6402
6802
6632
6292
8966
6442
6352
13946
6442
6372
6603
6402
6352
6712
6543
6603
6983
13846
6422
6382
6342
6743
6513
6602
6683
6262
6683
6152
6863
6753
6833
6493
13756
6252
6382
6512
6181
6442
6332
6291
6352
6141
6312
14357
6372
6261
6162
6462
6242
6271
6332
6382
6512
6412
6212
6222
6462
6482
6552
6752
13696
6382
6592
6492
6522
6492
6522
6382
6352
13946
6282
6312
6382
6352
6342
6262
6432
6562
6873
14137
6483
6322
6222
6442
6322
6462
6532
9147
17112
14597
8576
6702
7234
6382
6472
6893
6422
6412
13896
6553
6362
6102
6192
6112
6542
6222
6623
13535
6382
9568
3045
7033
6542
6492
6101
6222
6292
6352
13816
6161
7093
6512
6362
7073
6432
7865
7765
14988
6912
6312
9357
6472
7003
6382
6382
6352
6813
13866
6372
6462
6642
6392
6352
6382
6712
6382
13615
6722
6062
6152
6342
6262
6342
6352
6482
6091
6562
8596
6563
6622
6442
7083
9658
6542
6562
14266
6643
6472
6973
7214
6572
8375
6673
6652
14487
9168
6553
6723
6853
6452
6613
6653
6873
6732
14938
9357
7534
4228
6803
9538
6793
7615
10219
14126
6723
6082
6533
6362
8936
7323
6682
6713
9808
6973
6342
6261
6833
6532
6612
6792
9338
9097
6843
21090
7965
6813
6603
6332
6452
6903
8186
9458
17984
10139
7043
8877
6833
9077
6311
6542
6903
8897
14277
6402
6212
6322
9999
6612
6542
6332
6843
6653
14087
6372
6463
6302
6322
6482
7344
6553
6703
6693
14978
6832
6763
6983
6362
6442
6201
6342
6211
6282
8446
6182
6352
8506
6161
6322
7704
6622
6212
7063
13906
6242
9017
6492
6573
6713
6412
6793
6563
6562
14097
6522
6673
6171
6603
7003
6613
2595
6602
6141
13686
6042
6762
6392
6211
6342
6292
6191
6362
6222
13856
6412
6482
6282
6311
6512
6602
6432
6131
6242
17243
6552
6472
6463
6091
6222
6542
6322
6512
6181
6201
6462
6582
6963
6332
6362
6242
6723
6423
13846
6161
6272
6042
6202
6141
6583
6392
6161
13615
6132
6141
6252
6302
6171
6211
6643
6532
6201
14046
6271
6192
6362
6212
6061
6022
2755
6662
6412
13595
6242
6131
7204
8836
13746
8336
8817
8726
8115
18174
8867
8205
7835
9027
6332
6252
6502
6221
6152
13936
6241
6241
6272
6312
6272
6412
6171
6582
13516
19837
7735
7494
6562
9087
6542
5490
6332
6322
6292
6171
6051
6321
6492
6573
6522
6112
6272
6281
13225
6051
6261
6613
6071
6211
11401
6272
6142
6442
13996
6402
6142
6202
6192
6562
7024
6622
6583
13786
6141
6261
6102
6573
6122
6643
6152
6062
14046
6131
6222
6192
6282
6191
6582
6402
6432
13595
6172
6763
6933
7153
6382
6502
6132
6302
6152
13575
6061
6332
6131
6352
6122
6492
6573
6341
13606
6091
6281
6092
6322
6131
6552
6131
6162
6222
6252
16320
6182
6262
6272
6051
6602
6122
6612
6172
6943
13525
6011
6011
6232
6542
6182
6011
6763
6252
14126
7274
6292
6402
6082
6332
6442
6161
6321
13645
7775
6563
6492
6302
6272
6052
6161
6222
13656
2675
6513
6282
6041
6112
6092
6392
6101
6282
13485
6132
6192
6362
6472
6111
6072
6372
7995
6802
14317
6141
6102
6973
6362
6692
6382
6753
6222
6242
6222
6091
6151
6252
6132
6162
6462
6472
7094
17203
6653
6182
2725
6242
14006
6102
6141
6022
6202
6422
6372
6142
6252
6312
6292
13505
6071
6452
6262
6041
6251
6212
6252
6052
13485
6542
6102
6141
6282
6552
6072
6301
6392
13585
6482
6121
6061
6312
6402
6102
6021
6633
6522
13615
6222
6021
6102
6021
6071
6232
6773
6452
6482
6312
6332
6312
6061
6211
6082
6181
6783
6161
13615
6382
5951
6122
8756
6412
6041
6452
6031
6822
19086
14508
6191
6662
6472
6432
6052
6753
6612
8536
15579
8767
9588
6652
6532
6512
7134
6492
7324
14677
6182
6272
7805
8596
6312
6512
6272
6543
6452
17452
6332
6923
6633
6392
6342
6852
8035
13545
15049
9358
8857
6623
6452
6582
6312
6412
6282
6342
14297
6703
6993
6893
6262
6552
6473
6312
6331
6232
6402
13466
6172
6563
6281
6662
6392
6212
6822
6802
5760
7755
6463
6452
7063
6622
6392
6281
119924
8866
20007
8185
6452
6582
6412
6291
6372
6563
6502
15099
6562
6763
6332
6252
13385
6202
6582
6302
13896
6171
6533
6342
6903
6492
3066
7033
6592
6221
13896
6292
6312
6372
9147
14297
6262
6322
6142
6833
6712
6222
6292
6312
15369
6262
6452
6281
6111
6181
6182
6122
6241
6432
13866
6132
6122
6292
6262
6211
6262
6372
6302
14006
6161
6251
6502
6542
6382
6382
6693
6132
10309
6513
6322
6402
6292
6322
6262
6622
6261
6201
13876
6171
6222
6141
6272
6432
6272
6723
6182
13646
6222
6341
6301
6252
6171
6161
6262
6692
14167
6222
6562
6582
6663
7053
6693
6282
6652
14037
6412
6773
6342
6221
6262
6392
6231
6342
6161
13926
14007
6092
7514
6382
6432
6192
6212
6473
6091
13826
6672
6322
8636
8145
6963
6161
6352
6342
7895
13766
6142
6742
6371
6342
6452
6332
6512
6271
6192
6272
6132
6171
6222
6191
6152
6161
6081
13656
6172
6042
6021
6282
2685
6362
6271
6162
6021
6212
13495
6272
6141
6041
6452
6161
6322
6512
6232
6292
14097
6131
6241
6101
6282
6162
6091
6352
6072
6101
14137
6231
6282
6352
6342
6152
6371
6332
6222
13415
6232
6022
6452
6141
6121
6272
6041
6151
13586
6131
6382
6462
6281
6372
6332
6372
6151
6362
6322
6242
6032
6131
6091
6322
6272
6012
6423
5991
6202
13686
6282
6452
6092
6181
6131
6081
6011
6002
6052
6162
14006
6442
6122
6502
6572
6171
6352
6192
6141
8315
14147
6322
6623
6382
6071
5992
5982
6252
6142
2635
6382
13365
6252
6192
6121
6181
6172
6101
6112
6422
6252
6331
13675
6482
6702
6332
6312
6262
6402
6622
6472
6402
13666
6162
6232
6973
6412
6432
6242
6643
6452
6732
17352
6822
6211
6151
6091
6112
6132
6051
6312
13315
6052
8075
6252
6563
6522
6271
6311
6021
6282
6192
6171
6221
6442
6132
6231
6211
6662
8305
8686
19557
6231
6643
6382
6002
6282
6372
6151
6091
6041
13455
6342
6081
6262
6372
6462
6021
6382
6021
13726
6111
6252
6272
6362
6251
6111
6182
6182
6071
13545
6182
6151
6202
6251
6121
6161
6382
6281
13686
6342
6282
6042
6042
6101
6292
6102
6422
6091
13295
6282
6132
6181
6231
6352
6211
6202
6572
23033
13645
6332
6432
7474
6182
6141
6251
6141
6412
13705
6562
458229
10018
6702
6492
6192
6091
6813
6483
6763
6753
6282
13686
6051
6161
6112
6211
6543
6071
6041
13776
6242
6202
6262
6331
6221
6292
486171
6642
6542
6212
6232
6271
6142
6402
6072
2595
6412
14227
6472
6552
6252
6212
6161
6131
6021
6181
13686
6122
6413
6182
6142
6252
6332
6161
6302
13856
13525
6412
6062
6232
6232
6111
5991
6402
6162
6292
13465
6162
6231
6181
6282
6201
6242
6002
6161
5952
13967
6152
6151
6151
6332
6242
6181
6412
6452
6292
13445
6302
6382
6342
6151
6141
6342
6523
6072
6101
13515
6192
6131
488747
9949
6301
6302
6262
6082
6091
6262
6211
6592
6302
13506
6562
6562
6051
6161
6302
6372
6142
6131
6131
6312
13535
6482
6121
6402
6091
6232
6372
6182
6031
13415
6161
6081
6272
6172
6121
6281
8356
6973
13275
8866
6272
6242
6412
6312
6563
6743
6903
13685
6202
6242
6412
6362
6071
6232
6061
6642
6542
14157
9197
7123
6713
8536
6462
6072
7083
6522
6302
13755
6522
6162
6221
6171
6322
6362
6593
6462
13606
5671
6352
6462
6282
6141
6352
6352
14057
6282
6662
6202
6132
6302
6211
6162
2515
6532
13255
6212
6001
6191
6071
6261
6131
6121
6111
13555
6212
6162
6061
6493
6382
6452
6152
6362
21761
6202
6412
6101
6232
6221
6312
6562
6432
6372
6272
6051
6272
6211
6141
6261
6082
6182
6973
6171
6943
13956
6623
6282
6281
6132
6291
6201
6271
6211
6202
13315
6152
6332
6092
6242
6202
6492
6091
6662
6552
24496
6212
6362
6011
6241
6191
6191
6161
6312
6301
13385
6252
6282
6172
6021
6863
6392
6312
6232
6543
13586
6161
6232
489147
9317
6993
6312
6592
6231
6171
6242
6331
6682
14107
6352
6131
6422
6422
7765
8776
6512
6242
6142
13385
6102
6312
6141
6171
6452
6452
6141
6102
6322
6082
6152
6402
6181
6452
6222
12063
6332
13625
6091
6392
6032
6502
6062
6361
6322
6352
6302
13736
5931
6201
6342
6101
6642
6111
2655
6232
6493
13635
6272
6282
6302
6212
6201
6372
6252
6322
6061
13706
6252
6222
6272
7424
6171
6262
6272
6262
13325
6222
6151
6281
6251
7284
6121
6482
6141
6492
6613
13455
6302
6111
6212
6142
6332
6222
6292
6102
6142
5541
6743
6151
6312
6292
6041
6272
6262
28594
6372
9117
6202
6072
6572
6111
6533
6161
13365
6192
6492
6271
6322
6171
6152
6231
6082
6081
13766
6102
6242
6202
6111
6231
6342
6161
6252
6282
13425
6032
6102
6221
6352
2906
11241
6281
6262
6171
13666
6392
6181
6071
6041
8837
6212
6853
6813
20208
7504
6362
6221
6672
6071
6342
6443
7403
14107
6182
8286
6232
6593
6342
6612
6221
6492
13465
6222
6973
6873
6062
6703
6873
6362
7865
13645
6352
6432
6142
6111
2534
6532
6061
6222
6572
6252
13976
6051
6111
6181
6172
6452
6182
6171
7885
13476
6142
6122
6352
6963
6432
6281
6152
6342
6191
13696
6121
6392
6392
6121
6102
6322
6301
6031
13706
6202
6372
6412
7304
6332
6372
6262
6141
13295
13315
6342
6432
6062
5941
6192
6141
6523
6502
6202
13596
6162
6302
6712
6001
6302
6161
6132
6102
6623
13415
6432
6302
6092
6071
6151
6392
6312
6161
13816
13826
6101
6082
6092
6121
6432
6192
6292
6302
6071
13946
6312
6553
6142
6713
6352
6622
6493
6472
13365
6553
6121
6512
6122
6402
6071
6132
6493
6102
14137
6673
6122
7073
6793
6572
6352
6181
6282
13215
13586
6061
6132
6172
6202
6512
6121
6622
6412
9047
18204
6412
6252
6402
6262
6171
6131
6201
6292
6182
13174
6221
6302
6182
6412
6001
6453
6432
6272
6252
6031
6492
6202
7334
6232
6372
6372
6162
6321
19096
6262
6022
6172
6282
6172
6251
6592
6662
13445
6242
6042
6131
6131
6332
6573
6563
2735
6582
13496
6152
6091
6372
6402
6943
6122
6071
6362
13546
6722
6142
9007
6052
6232
6142
6513
6462
6302
13696
6121
6683
6131
6102
6122
6311
6192
6492
6081
13565
6081
6212
6101
6342
6032
6251
6041
6072
13466
6191
5891
6051
6392
6232
6292
6523
6853
6552
13836
6191
6291
6302
6011
6242
6061
6181
6091
13345
6141
6111
6071
6132
6332
6221
6493
6412
5981
6121
6151
6122
6041
6131
6142
6241
6102
6171
13966
6271
6252
6372
6462
6111
6513
6443
6502
6543
13826
8376
7875
6362
6472
6382
6171
6262
6472
6582
14006
7053
6222
6102
6192
6232
6061
6362
6553
6132
6222
13666
6041
6241
6182
6132
6372
6552
6392
6833
6211
13967
7855
6302
6082
6392
6211
6111
6161
6272
6001
13585
6182
6221
6151
6022
6141
6342
6092
6152
6041
13886
6031
6281
6272
6301
6281
6152
6332
6232
13506
6362
6151
6221
6171
6161
6201
7224
6132
6552
13595
6012
6021
6151
8195
6432
6011
6282
6332
6102
13445
6231
6382
6492
6402
6122
6312
6281
6161
13515
6112
6242
6112
6302
6152
6001
6493
6151
6171
13786
6873
6042
6402
6442
6132
6252
6182
6372
6452
6342
6131
6271
6152
6102
6512
6432
6241
6251
6191
13746
6002
6172
6142
6893
6252
6212
7524
6662
13906
6352
6132
6062
6191
6251
6211
6392
6352
6042
7223
2775
13966
6072
6161
6382
6191
6502
6132
6251
6031
6302
6052
6112
5982
6582
6572
6081
6141
6252
6402
6192
13315
6051
6122
6292
6152
6222
6242
6402
6172
6131
13455
6222
6082
6302
6682
6111
6292
6172
6482
6142
13916
6161
6372
6292
6361
6081
6021
6292
6221
6082
13305
5681
6452
6041
6171
11963
6122
6643
6051
13616
6092
6242
6132
6111
6201
6241
6402
6082
13425
6052
6472
6051
6442
6211
6442
6172
6071
6131
13436
13405
6281
2675
6211
6112
6121
6182
6091
6762
6122
13575
5991
6211
6181
6032
5981
6422
6292
6412
6092
6141
6112
6352
6132
6112
6121
6031
6171
6482
13295
6362
6201
6091
6071
6181
6041
6041
6242
6252
13585
6192
5951
6192
6091
6392
6472
6221
6252
5992
13385
6211
6082
6462
6092
6122
6152
6512
6161
13706
6552
6132
6201
6532
6432
7905
6552
7094
13606
14016
11792
6152
6593
6302
6351
6302
6723
6111
2846
13936
6071
6713
7304
8906
6202
6281
6062
6242
13946
6201
6162
6041
6563
6583
6612
6111
6232
13465
6462
6382
6161
6242
6151
6181
6122
6282
6282
6472
6162
6122
6152
6643
6242
6302
7894
6302
13596
6162
6312
6462
6101
6061
6051
2665
6282
6182
6312
13545
6062
6251
6231
6402
6141
6532
6833
6162
6282
13685
6072
6102
6071
6272
6292
9267
6041
6492
6463
6412
6172
14277
6161
6181
6342
6592
6272
6613
6151
6071
6211
6352
6152
6332
6172
6212
6252
13645
6172
6201
6302
5991
6162
6211
6232
7283
13947
6352
6262
6161
6252
6181
6162
6442
6252
6221
13686
6372
6412
6291
9298
6311
6713
6342
6522
6102
6102
13805
6532
6122
6312
6142
6042
5991
6332
6322
18204
6312
6743
8135
6322
585137
6523
6212
6312
8756
18465
6191
6562
6122
6122
6302
6793
6111
6793
6272
13826
6332
6533
6552
6342
6532
6091
6282
6482
6462
13846
6221
6402
6512
6252
6362
6302
6221
13385
6262
6201
6091
6573
6352
6693
6312
6973
6402
6833
13465
6712
6652
6291
6211
6292
6402
6232
6422
6191
13746
6262
6232
6372
6412
6191
6152
6252
6883
13846
6321
6653
6332
6321
7253
6973
6382
7053
13525
6652
6622
6302
6312
6152
6362
6542
6372
6242
14056
6422
6092
6512
6252
6422
6422
6352
6222
6211
13856
6262
6161
6162
6312
6261
6663
6843
11742
10239
20809
8035
12975
15218
11251
9237
8807
8015
7625
6362
7715
6402
6181
7093
6482
8947
6593
6372
6321
6592
8416
7885
8967
7334
14587
7504
7474
6873
6933
6762
7935
8546
7615
14627
3537
7024
6582
6492
6362
6672
6542
7855
6603
7964
17693
7544
6101
6242
6312
6242
6463
6642
6793
2615
2695
6372
13736
6342
6001
6141
6402
6302
6532
6943
6803
7234
17142
6663
7033
9518
8446
6763
8255
6262
6061
6652
14608
6973
6602
6211
6282
6492
6352
6262
6422
6292
14236
6181
6482
6362
6322
6722
7815
6823
6792
14067
7374
6332
6342
6291
6292
6322
6292
6232
13796
13505
6111
6271
6322
6432
6282
6302
6302
6492
13535
6151
6042
6823
7053
6813
6953
7183
7003
14206
6341
2966
6482
6242
6182
7995
6422
6602
7064
13776
6342
6422
6402
6332
6292
6131
6463
6753
6653
6312
14247
6412
8025
6843
6723
6723
6483
6332
6221
14077
6212
6201
6493
6292
6342
6111
6331
6242
6162
66314
6813
7183
6402
6302
6102
6251
6332
14457
6412
6903
7374
6332
6553
6242
6542
6172
18956
6272
8316
9447
6362
6192
6232
6282
6181
776125
12533
6593
6242
6412
6321
6091
6202
6302
7745
6773
16330
9488
7123
6392
6763
6542
6392
6623
12243
6642
15429
6542
6482
6231
463148
6502
6312
6291
6282
6782
14196
6452
6202
6783
6282
7684
8056
6652
6803
13866
6272
6462
6371
6593
6893
7064
8066
7033
7274
6833
6652
8857
7273
7044
9107
7774
7063
15338
16812
7624
12263
13485
9648
9838
8616
8676
7604
14227
7394
6262
6382
7063
6773
9638
6322
8506
6402
16671
8446
7133
8155
7664
6522
6371
13656
6572
16401
6242
6392
8486
6331
8927
7243
6743
6872
7093
14487
6622
6783
8776
7324
6452
7374
6673
7004
6422
6762
6583
6312
6442
6532
6422
6562
6622
6261
6492
14177
6502
6593
6342
6533
6512
6442
6231
6182
6351
13545
6222
6512
6422
6432
6241
6432
6191
7504
14577
13846
6522
6752
6623
6492
6281
14297
6362
6412
7224
6873
6792
6262
6502
14347
6392
6402
6372
6262
6552
6382
6672
6352
14007
6733
6382
7624
6823
6362
6803
6302
6682
6682
6292
6432
6221
6442
7705
7374
6392
6602
13776
6282
6231
6222
6161
6251
6121
6261
6362
6803
6272
14257
6442
7093
7695
7214
7394
10811
6472
6913
13986
13986
2775
6602
6983
2675
6302
6432
7123
6362
6853
6091
6242
14267
6512
6412
6492
6261
6062
6072
6302
6201
6252
6292
6252
6262
6502
6222
6432
6342
6432
6201
13415
6141
6272
6432
6121
8425
6232
6512
6643
6201
13466
6432
6102
6743
6392
6322
6171
6172
6171
6091
13475
6232
6221
6482
6162
6272
6041
6141
6332
6232
6482
13365
8706
6252
6052
6382
6212
6151
6141
6242
6112
6613
6332
6152
6101
8827
2585
6292
7204
8005
7875
14517
8326
6131
6141
6332
6271
7053
6693
6632
14136
6162
6222
6301
6743
6302
6853
6783
6392
13946
6192
6392
6523
6362
6272
6191
6472
6252
13676
6121
6362
12794
6643
6753
6292
6402
6302
13666
6061
6181
6171
6512
6252
6382
6332
8376
6282
13505
6182
6753
6632
6181
6231
6282
6151
6281
6322
13746
6272
6261
6282
6121
6302
6632
6362
6292
6533
6342
14147
6211
6362
6352
6201
6763
6422
6452
7614
13986
6292
6362
6342
6112
6242
6642
6282
6442
6493
14116
6412
6512
6282
5690
7144
6813
6943
6392
13746
6362
6452
6272
6522
6172
6592
6522
6142
6462
6231
6462
6142
7284
6122
6271
6202
6122
6342
7805
25788
6543
6182
6261
6462
6352
6281
6352
6222
6362
13937
6371
6462
6392
6322
6252
6191
6262
6281
6402
7213
8336
6322
6171
6131
6121
6051
6572
6101
13716
6041
6202
6352
6072
6371
6172
6432
6262
6152
6181
13725
6242
6182
6272
6442
6132
6632
6141
6442
6573
6071
6091
6151
6181
6412
6332
6502
6573
13716
13816
6763
6683
6713
6412
6592
6563
6462
6222
6362
14036
6693
2675
6682
6332
6302
6282
6312
6472
6272
6563
13946
6853
6762
6372
6322
6362
6332
6402
6242
6242
21811
6262
6552
6341
6241
6522
6252
2645
6362
6252
6192
14236
6252
6301
6212
6202
6392
6352
6232
6232
6332
13605
6362
6212
6262
6462
6282
6422
6553
6592
13966
6172
6632
6322
6222
7755
6262
6061
6141
6312
6482
6633
6452
6352
6331
6221
6413
6072
6362
6241
13214
6533
6482
5902
6211
6372
6132
6222
6092
6122
13575
6151
6271
6182
6132
6332
6101
6372
6322
6462
13676
6663
6572
6392
6362
6292
6462
6272
6072
13486
6282
6252
5981
6032
5981
6071
6603
6011
6422
13275
6041
6232
6081
6112
6212
6081
6282
6533
13575
6102
6192
6071
6031
6021
5871
6242
5971
6573
13355
6292
5981
6331
6232
6031
6151
6312
6342
13345
6071
5981
5972
6232
6452
5902
6372
6182
13746
6161
6332
6011
6122
5931
6101
5881
6062
13365
6622
6322
6222
6462
6433
6842
6202
6653
879188
6432
6081
6192
6232
6442
6292
6522
8707
8806
6913
14247
6322
8065
8516
9759
8486
9728
9538
11542
19256
8947
7745
7504
9057
7173
10259
7073
7504
18635
10329
8806
9558
9307
10209
6702
8706
8646
8876
17153
9097
8926
7454
7925
7374
6312
6492
6242
6392
3576
8776
18986
8516
7775
7464
9327
6652
6783
8456
8416
10169
11411
10199
21250
9608
8005
7754
9327
8226
9698
10500
20518
8757
8646
9678
10279
7674
10981
7815
10480
8065
15539
4389
26049
14147
12904
7104
7164
7804
6993
7004
6923
15178
6743
6713
6863
6783
7344
6642
6713
10580
19646
7464
7654
29055
6742
6812
6633
8876
9949
10600
19326
7744
8305
10861
8476
9007
7995
8646
9268
148228
3246
11341
9608
11081
10369
9147
8647
8936
10690
7263
15109
8876
7003
8085
10870
8766
11411
10710
11151
17252
7634
4468
7995
8095
10189
16551
8205
7314
10760
7424
11000
19637
7684
8095
9678
9318
9197
8606
9347
7103
687129
14557
7024
6572
6672
6352
6232
6372
6422
6282
13686
6262
6222
6432
6412
6682
7124
10009
6913
7404
6302
6463
6152
6573
7004
6683
6863
7394
14106
6903
6412
6512
8176
6722
6462
6302
6482
6261
6432
6202
6211
6202
6262
6592
6212
6132
6302
13756
6432
6352
6893
6341
8806
6342
6332
6493
6222
13776
6692
6532
6412
7154
6252
6362
6632
6672
9588
15148
7674
8606
6512
6472
6402
6301
6693
6643
13856
6171
6713
6953
7093
6562
6603
6803
6973
14157
6442
6692
6332
6211
6362
6412
6502
6462
6483
14247
7194
11331
6693
14507
6191
6302
6412
6192
6422
6873
6923
6562
14006
14256
9087
6372
6301
7083
6452
6892
6822
6943
13897
6803
6372
6592
6332
6432
6513
6312
6412
6572
13876
6352
6362
6682
6873
6532
6533
9909
6983
6312
6472
6422
6282
6372
6532
6512
2715
6202
6352
18926
6212
5470
6211
6562
6221
6201
6392
6262
13405
6612
2535
6603
6111
6453
6282
6242
6362
6311
7334
14007
6492
6372
6502
6512
6402
6592
6202
6271
13796
6301
6212
6413
6542
6342
6592
6462
6733
6562
14027
6993
6261
6582
6392
6492
6512
6172
6161
13986
6221
6673
6382
6592
6232
6171
6853
12714
16300
7153
6362
7424
7274
7193
7074
6503
6813
13585
6622
6282
6352
6533
6532
6192
6463
6141
13686
6302
6122
6132
6432
6251
6212
6372
6161
13786
6211
6122
6512
6903
8046
10199
6292
6913
13946
7073
6202
9207
7995
9057
8987
8095
6482
14617
8626
8456
8395
6994
6241
6281
6392
6282
6532
13966
6222
2875
6362
6462
6181
6132
6622
6281
6262
13636
6633
6241
6282
7874
6242
6432
6493
6131
6132
6402
13656
6121
6643
6562
6332
6232
6092
6051
6232
13446
6172
6272
6282
6181
6352
6141
6592
6261
6402
13576
6192
6082
6121
6101
6221
6683
6211
7864
6232
6592
14437
9337
6182
6382
6062
6512
6252
6492
6452
6532
13656
6202
6151
6332
6592
6592
6402
6171
6352
17593
6532
6242
6512
6292
6262
6192
6422
6832
6472
6372
6291
24997
6723
6793
6272
6542
6513
6703
14387
7384
6222
6231
8416
9327
6933
6723
6271
13736
6332
6432
6402
6302
6753
6512
6222
6372
13826
6663
9157
6963
6592
6261
6462
6663
6382
6463
13977
6232
6161
6432
6292
6192
6623
6031
6212
13645
6222
6753
6652
6672
6291
6592
6462
13786
6162
6432
6161
6251
6231
6452
6502
6533
6352
13706
6212
6161
6281
6341
6783
6442
6432
6221
13826
6182
6252
6442
6903
14297
6733
6412
6221
6301
13355
6553
6272
6252
6342
6322
6242
6241
6051
6542
8266
14267
6753
6252
6162
6191
6803
6923
6372
6392
6382
13676
6272
6192
6652
6452
7504
6883
10329
6392
6192
13686
6282
6071
6202
6192
6171
6161
6462
6052
6793
13886
6252
6102
6011
6402
6242
6251
6272
5981
13846
6262
6162
6081
6192
6161
7494
6773
6342
6492
6292
13866
6692
6222
6081
6162
6051
6112
6002
6252
13586
6082
6272
6101
6442
6351
6072
6131
6642
13565
6282
6212
6361
6152
6181
6432
6743
6533
6422
13415
7063
6392
6603
6191
6302
6212
6121
8236
7203
6272
18514
6342
6232
6412
6633
6252
6362
6172
6372
6162
13786
6482
6853
6292
6012
6462
6462
6973
6402
6261
13986
6973
9307
8045
10389
8225
11161
8776
9217
17313
8105
11060
9007
8316
8746
8245
10289
8666
8907
17793
8316
3296
8225
8246
8386
7945
8306
8806
8246
18555
10159
9047
9017
8907
8166
8636
8877
3737
18705
9438
7234
7333
7864
7134
10569
7795
7574
7434
7224
10730
8136
7314
7344
10570
28894
14177
10870
4208
24536
12614
9017
6703
6432
8436
6582
6342
8196
6713
19106
6372
9488
8015
6532
8316
11922
6452
6332
13886
6292
6332
6262
6673
6732
7575
6873
9447
20729
10860
11211
10720
10670
9428
13155
10630
10740
7915
10279
21380
10189
11041
7514
10389
10319
9818
9688
10680
10710
21030
10590
9818
12403
9818
10149
11101
7524
10600
10169
13716
7153
6452
7554
6102
6302
6272
6332
6943
14848
6442
6132
6312
6332
6672
6663
6693
6683
6592
13766
6673
7354
7814
9198
7203
6963
6161
6281
7764
13776
6933
6623
6102
6402
6031
6212
6242
6252
8376
6192
6432
8907
6422
6352
6272
6322
6482
6251
6202
13826
6311
6212
6281
6863
6271
8125
6302
6132
6262
6602
6272
6292
6232
6351
6112
6703
6432
6893
14136
8576
6351
6462
2755
6442
6292
6262
6672
6793
14247
6282
6442
6362
6713
6262
7084
6532
6422
6482
2926
14217
6241
6412
6242
6192
7695
6743
6643
6563
6262
14106
6141
6602
6362
6162
6131
6523
6422
6372
19337
6573
6282
6232
6362
6302
6181
6382
6332
6312
6432
6202
6452
8737
6703
6563
6462
6522
13695
6412
6222
6792
8727
6593
8857
8476
9799
9347
19958
9127
8726
8095
9438
10399
9197
9879
11261
16261
10439
9227
10159
198452
7914
6622
6823
6983
6402
8456
16171
9638
6683
8465
6422
6513
7564
6963
9157
19356
7114
8346
6613
6172
9668
6552
6853
6813
6492
19587
7134
9658
9187
6983
6412
8175
7695
6532
13816
6663
6212
6432
6412
6442
6202
6552
6602
6432
13886
6342
6272
6252
6292
6222
6332
6472
6232
6281
6222
6652
6312
6642
6412
6322
6432
6382
6332
6211
13766
6422
6452
6512
6262
6983
6292
8987
6612
13756
6392
6252
6162
6402
6462
6231
6222
6162
6432
13886
7705
6282
6141
6121
6141
7464
7233
6321
6562
14126
6141
6232
6332
6142
6262
6452
6682
6662
17934
6442
6231
6212
6142
8987
6973
7264
6863
7334
13756
6473
6281
7103
6272
6583
6522
6302
6482
6292
8015
6292
7504
13726
7234
6632
6582
6322
6392
13766
6312
6953
8466
6773
6433
6342
6473
6572
14007
6242
6181
6622
6161
6773
6442
8957
6181
6472
14086
6453
6242
6201
6392
6302
6322
6392
6171
6232
13495
6302
6742
6211
6533
6082
6292
6222
6552
6923
14226
6963
7213
6543
7134
6752
7875
6943
6923
6772
14687
7173
7183
8696
7063
6432
6632
7344
6372
18634
19136
7113
9047
6503
6543
6251
6361
6312
6271
13986
6522
6222
6562
6352
6662
6342
6352
6482
6262
13555
6292
6272
6342
6212
6241
6192
6131
8386
6762
6422
6321
6151
6262
6211
6182
6281
6341
6242
6402
6693
13856
8826
6372
6251
6152
6251
6282
8305
6372
18855
6713
6433
6262
6201
6682
6723
6512
6402
6943
13706
6302
6302
6252
6382
6252
6042
6252
6291
6312
13546
6382
6222
6182
8236
6201
6172
6212
8085
6272
13816
6292
8095
6543
6943
6141
8656
6753
6242
6202
13706
6221
6242
6172
6762
6652
8405
7664
6943
7363
14087
6482
6592
6252
6252
6442
7654
620614
12453
6081
6582
6362
8646
6312
6422
6372
6472
13977
6392
6302
6302
6532
6422
6132
6301
6723
7173
6412
6703
6362
6913
6953
7043
6633
7494
6752
14216
9428
8476
3717
9297
33973
7825
8657
8596
13455
6352
7544
6552
6632
6251
6111
6873
6943
13866
6202
6552
6301
6582
6212
6312
489968
6281
6252
6472
13806
6242
6643
6723
6191
6332
6361
6332
6221
13876
6252
6162
6412
6211
6342
6633
6612
7694
14868
6813
6032
6172
6533
6402
6522
7203
7114
6522
13896
6332
6442
6222
6572
6672
6523
7584
6221
7534
13986
6512
6432
6342
2835
6722
6382
6733
6372
6171
6282
6271
6061
6182
6412
6302
6382
6312
6402
6262
6221
6202
6182
6092
6292
6652
6522
6332
6442
6562
6282
6702
6963
6242
6983
6071
6382
6402
6291
6603
6121
6282
6011
6101
6142
6171
6242
6112
13596
6352
6171
6442
6362
6201
6462
6332
6271
6041
13175
6162
6392
6332
6262
6562
6311
6211
6121
13546
6552
6422
6162
6342
6232
6261
6513
6452
6342
6672
13706
6162
6111
6312
6352
6923
6633
6412
6512
13646
6132
6252
6502
6312
6241
6442
6472
6231
6923
6492
6432
6232
6351
6101
6232
6342
6111
6172
13745
6152
6502
6532
6182
6392
6051
6101
6162
13926
6232
6202
6933
9097
7013
6362
6472
6071
6342
13345
6302
6282
6202
9087
6402
6212
6502
6101
13946
6522
6212
6332
6261
6201
6091
6432
6292
6091
13786
6873
7614
6412
6292
6432
6222
6773
6222
504355
6382
6132
6161
6171
6222
6402
6422
6362
6953
8807
6412
6412
6633
6112
6602
6212
6552
6382
14307
6332
6402
6152
6252
7314
6161
6622
6772
13415
13665
5971
6943
6372
6101
6572
6443
6913
6242
13986
6722
6322
6452
6372
6072
6702
6422
6533
13345
6172
6452
6282
6352
6232
6382
6432
6321
829245
13836
6562
6332
6232
6382
6582
6301
7444
6121
6232
6171
6162
6151
6422
6342
7484
6262
6793
14026
6101
6402
6162
6472
6813
2695
6332
6593
6122
6122
6072
6071
6271
6372
6202
6542
6272
13405
6222
6341
6352
6161
6272
6191
8076
7584
8996
16391
6773
6362
8466
6793
7043
14007
6241
6371
6222
6322
2635
6442
6442
6122
8385
6332
6572
6121
6121
13525
6252
6262
6261
6212
6442
6171
6182
6902
7715
6703
6161
6141
6142
6152
6332
6422
6833
6262
13556
6622
6352
6091
6312
6442
6162
6202
6242
6302
6201
13626
6262
6472
6212
6161
6692
6492
6723
6322
13906
6071
6292
6301
6131
6813
6041
6131
6262
13746
6412
6191
6182
10820
6612
6523
9548
6793
13816
6081
2745
6312
6523
6252
6262
6372
6201
6422
6322
13746
6412
6132
6432
6132
6242
6072
6122
6072
6792
13816
6252
6272
6312
6222
6171
6242
6162
6452
13455
6252
6241
6933
6532
6372
6212
6332
6191
6422
13976
6242
6272
8686
6362
6232
6111
2715
6332
13315
6202
6061
6883
6572
6092
6272
6372
6182
19016
6833
6222
6262
6142
6703
6943
6202
6272
5941
6251
6172
6372
6142
6172
6011
6523
6222
6171
13886
5992
6211
6131
6502
6061
6232
6192
6582
13686
13766
6382
6592
6452
6312
6763
6672
6602
7665
14036
6452
6312
6473
6302
6362
6582
6582
6201
13746
6633
6572
6442
6352
6242
6172
6051
6382
6141
13766
6191
6041
6302
6171
6272
6272
6392
6552
13345
6292
6442
6472
6272
6182
6573
6522
6162
6282
13705
6102
6201
6172
6122
6042
6251
6553
7564
14047
6472
6362
6212
6252
6162
6332
6883
6913
6041
13395
6211
6622
6312
6212
6202
6613
6852
6762
6222
13636
6081
6101
6502
6252
6182
6072
6352
6202
6322
13606
6082
6131
6832
6632
6202
6032
6462
6332
6422
13626
6171
6161
6251
6161
6222
6462
6201
6242
13385
6532
6132
6462
6082
5982
6633
6672
6753
6603
17372
6322
6272
6262
6472
6081
6132
6432
6562
6222
14337
6152
6923
6302
2645
6492
6663
6372
6082
6232
6542
6101
6342
13606
6382
6733
6172
6242
6282
6302
6171
6182
6182
13635
6592
8647
6211
6593
6282
6161
6763
6121
6041
6261
2615
6311
6242
6512
6221
6161
6121
6602
6472
6272
13926
6171
6132
621395
6332
6142
6473
6522
6673
13886
6102
6052
6161
6372
6302
6152
6212
14186
6192
6011
6492
6091
6222
6332
6001
6512
6422
14657
6712
6041
6302
6111
6121
6082
6592
6202
6452
14007
6372
6132
6322
6011
6221
6152
6272
6362
13305
6152
6141
6142
6252
6452
6512
8065
6161
6332
6593
13485
6432
6382
6071
6632
6612
6472
6833
6612
6593
6242
13495
6252
6342
6132
6182
6232
6021
6052
6121
6212
17803
6392
6232
6132
6142
6101
6412
6542
6161
6362
6191
13786
6412
6132
6192
6472
6592
6442
6272
6552
7023
14677
6341
6192
6091
6352
7545
6372
6422
6132
6412
6111
13685
6302
6232
6913
6653
6602
6492
6222
6312
6362
13706
6241
6412
6562
8786
6282
6392
6522
6582
14176
6512
6432
6372
6162
6241
6272
6151
6071
6111
6312
6111
6051
13165
6652
15018
6342
6142
6232
6342
6112
6072
6221
6412
18013
6212
6301
6182
6122
6242
6582
6532
9688
6221
13646
6472
6231
6271
6312
6402
6723
6332
6071
13505
6142
6472
5992
6322
6122
6112
6202
6332
6312
6262
6251
6092
6332
6432
6292
6342
6172
6191
13546
5961
6151
6121
8897
6062
6281
6041
6452
6212
13706
6241
6102
6222
6302
6513
7264
6262
6082
13706
6111
6112
6281
6162
6091
6182
6132
6091
13605
6282
6873
50214
6753
8155
6191
6733
7033
6843
14086
6122
6542
9909
6743
6232
6863
6192
8977
6301
13555
6462
7404
6262
6121
6252
6563
6482
6603
6392
13645
6292
6062
6172
6031
6132
6101
6142
6472
13696
6262
11081
6242
6582
6302
8035
6311
8126
19476
6392
6362
6252
6452
6632
6092
6492
6221
13966
6603
6513
6392
6192
6452
6572
6392
6142
6261
13746
6432
6192
6172
6122
6232
6151
6332
6181
13666
6602
6121
6422
6321
6151
6051
8776
6252
13455
6221
6252
6051
6071
6352
6122
6161
6212
6221
6482
6152
6181
6131
6092
6372
6201
6422
6442
13635
13245
6222
6202
6102
6382
6022
6091
6342
13886
6292
6452
6322
6342
2615
6322
6512
6602
6102
6312
13345
6242
6272
6091
6132
6131
6141
6331
6392
6251
6192
13555
6132
6552
6191
6482
6272
6032
6201
6202
6092
71694
51747
6232
6032
6271
6061
6041
6251
6161
6092
13725
6432
6092
6181
6282
6332
6712
6082
6552
6142
7925
8396
6873
6132
6241
6351
6302
6492
6612
9197
6142
6181
6232
6042
6032
6211
6422
6793
6121
6151
17412
6582
6232
6122
6282
7655
6202
6111
6171
13525
6092
6362
6032
6242
6462
6372
9077
6262
6382
13415
6241
6131
6392
6232
6071
6312
6122
6182
13696
6252
6141
6122
6232
6162
6492
6402
6182
13245
6201
6272
6382
6152
6262
6522
6292
6322
6141
13656
6202
6281
6212
6372
6241
6622
6512
6342
13304
6212
6121
6181
6563
6131
6362
6141
6212
6061
13405
6132
6192
6161
6031
6402
6151
6432
6192
6271
6412
6272
6552
6292
6141
6281
6221
6101
6332
13796
6221
6392
6242
6282
6673
6172
6162
6111
6081
7093
14608
6222
6412
2885
6322
6031
6402
6532
6342
6412
6532
13685
6402
6272
6422
6252
7363
6542
6191
6603
13856
6522
6212
6503
6151
6172
3136
7514
6702
6592
13986
6181
6132
6031
6352
6071
6523
6211
6201
13495
6112
6261
6131
6141
6412
6221
6352
6121
6352
13445
6162
6211
6042
6212
6282
6472
6151
6211
6352
13655
6262
6132
6262
6222
6181
6282
6032
6321
13465
6242
6532
6452
6422
6051
6341
6161
6331
6352
13946
6392
6261
6082
6122
6302
6122
6211
6252
6192
13776
6001
6202
6272
6162
6122
6152
6211
6191
13615
6432
6071
6151
6202
6212
6182
6281
6432
6432
13455
6172
6322
6492
6473
6222
6302
6332
6221
13325
6051
6222
6422
6162
6211
6131
6252
6292
6141
13485
6141
6292
6092
6151
6322
6232
6322
6432
6131
14016
6833
6202
6072
6271
6302
6132
6743
6131
6302
13365
6182
6351
6102
6152
6092
6111
6432
6272
6342
6272
13966
6131
6172
6913
6843
6071
6242
6261
6091
13535
6171
6252
6002
6172
6182
6983
6583
6462
14186
6302
6191
6162
6171
6302
6011
6532
6242
6131
14127
6011
6131
6612
6582
6432
6201
6181
6102
6162
13285
6111
6472
6082
6312
6372
6562
6212
6612
13475
6612
6152
2765
6301
14598
6241
6091
6172
6132
6322
6112
6011
6241
6572
13485
6141
6222
6091
6011
6142
6191
6201
6212
6172
13635
6131
6021
6151
6101
6472
6212
6141
13375
6242
6081
6081
6051
6271
7183
6081
7064
6081
6542
18555
6271
6281
6311
6121
6111
6081
6142
6182
13395
6553
5931
6352
6301
6292
6232
6252
6222
6141
13666
11411
6131
6101
6282
6271
6131
6042
6422
6382
13716
6342
6061
2695
6983
6743
6212
6392
6181
6342
6462
6372
6512
6191
7014
6162
6161
6201
6322
6171
13615
6472
6612
6282
6252
6593
6552
6402
69640
13255
6352
6081
6092
6091
5981
6132
6272
6091
13856
6081
6422
6162
6131
6131
6372
6712
6573
6051
13696
6472
6122
6252
6301
6282
6082
6252
6342
13595
6282
6322
6071
6152
6202
6081
6162
6292
13535
6352
6322
6111
6051
6041
6101
6282
6082
6622
6532
13636
6502
6112
6161
6372
6092
6212
6242
6141
6102
13265
6131
6061
6122
6062
6171
6201
6081
6242
6301
13586
6122
6112
6372
6191
6101
6482
6232
6572
13335
6051
6081
6312
5961
6251
7183
6572
6211
6442
13766
6492
6202
6162
6221
6492
6342
6181
6372
13756
5991
6041
6201
6241
6161
6072
6341
6011
13465
6091
6112
6121
6101
6342
6201
6823
6131
6382
13726
6091
5971
6092
6102
6302
6221
6191
6312
6162
18775
6091
6562
6241
6282
6191
6572
6172
6322
13495
6262
6202
6182
6372
6402
6252
6182
6282
6091
6402
6081
6462
6032
6382
6251
6362
6192
6201
6182
13806
6853
6072
6212
6322
6161
6342
6182
6522
6252
14196
6913
6862
2655
6331
6342
6252
6171
6221
6262
6282
6092
6061
5921
6151
6061
6152
6262
6332
6633
13515
6221
6221
6272
6112
6212
6092
7323
6361
13545
6061
6803
8926
6181
6492
6102
6382
6181
6352
14157
6402
6102
6201
5450
6372
6222
6052
6192
6042
13766
6051
6171
6061
6282
6131
6552
6182
6332
6382
13636
6232
6012
5921
6302
6301
6392
6101
5961
5961
6052
13455
5841
5991
6322
6131
6281
6121
6141
6292
13685
6131
6132
6161
6152
6302
6131
6071
6102
6061
13726
6402
5951
6282
6973
6302
6132
6212
6562
74570
6352
6102
6242
6291
6161
7925
6221
6142
13395
6542
6221
6502
6572
6342
6512
9889
6432
6232
13656
6202
6362
6001
6492
6882
6332
6352
6122
13516
6241
6262
6091
6062
6062
6112
6513
6192
7524
6572
6282
6112
6151
6332
6242
6021
6322
6101
6101
13576
6092
11572
6271
6152
6142
6392
6091
6141
6352
13345
6553
6292
6122
6101
6332
6111
6192
6332
6132
6191
13325
6322
6452
6161
6102
6402
6302
6131
6162
6081
13475
6211
6151
6071
6172
6252
6282
6652
6862
6192
13516
6242
5942
6082
6031
6332
5911
6091
6292
13385
6171
6162
6362
6232
5971
6182
6251
6382
6201
13586
6071
6031
6021
6191
6071
6081
6121
6362
13495
6131
6262
6212
6683
6172
6021
6312
6282
6171
13555
6162
6092
6191
6292
6352
6021
6281
6061
13405
13315
6132
6112
6321
6142
6212
6332
6201
6242
6242
6412
13766
6272
6092
6192
6081
6482
6342
6132
6292
16882
6512
6652
6121
6402
6442
6191
7284
6593
6111
13185
6031
6722
6412
6222
6162
6372
6061
6332
6732
14076
6191
6382
6101
6222
9548
3006
6753
6202
6252
13956
13826
6692
6192
6202
6302
6232
6171
6112
6222
6141
13796
6071
6082
6051
6131
6201
6181
6442
6171
6061
13997
6221
6032
6091
6102
7434
6292
6172
6462
6552
13616
6092
6232
6222
6211
6071
6422
6212
6062
6211
13506
6232
6001
6102
6483
6122
6081
6101
6202
13555
6041
6342
6071
7283
6312
6673
8355
6161
6162
6191
13726
6422
6312
6192
6221
6352
6142
6362
8616
6371
13675
13665
6282
6152
6212
6342
7414
6252
6021
6071
13555
6001
5971
6061
6292
5971
6442
6683
6171
8957
6593
13906
6342
6151
6712
5991
6091
6162
6042
13616
6112
6513
6462
6632
6983
6292
6202
14146
6231
6222
6523
6161
6001
6001
6132
6142
6242
6412
6041
6131
6322
6132
6041
6402
486663
17393
6111
6212
6151
6622
6161
6382
6262
6151
13656
6362
6762
6181
2655
6613
6232
6272
6442
7714
6512
13686
13736
6171
6151
6172
6081
6161
6162
6322
6483
6061
13365
6241
6222
8897
6262
6232
6102
6101
6132
5951
6171
6051
6192
5991
6713
6292
6062
7955
6071
13516
6202
5961
6152
8446
6262
6112
5951
6322
6282
13536
6553
7544
6282
6261
6202
6222
6382
2575
6592
6452
13676
6332
6151
6122
6231
6192
6432
6111
6212
6472
13746
6462
6822
6392
6291
6101
6052
6342
6242
6161
13505
6312
6031
6062
803366
10339
6002
6091
6352
6071
6081
6062
6042
5951
6482
13536
6231
6121
6392
5981
6322
6593
6091
6232
6583
6332
6442
6302
6422
6041
6231
11131
6062
6202
6172
6402
13806
5971
6162
6181
6222
6282
6181
6291
6352
6502
6412
13415
6392
6141
6061
6402
6182
6592
6282
6783
13675
13435
6622
6331
6492
7023
6442
6633
6533
13475
6132
6202
6011
6211
6092
6051
6542
6292
13465
6241
6743
6312
6262
6402
6482
6102
9608
6142
13816
6392
8597
6241
6462
6071
6162
6292
6171
13426
6132
6011
6212
6312
6091
6111
6182
6602
6111
13706
6151
6112
6522
6311
6192
6151
6141
13395
6182
13204
6723
6301
6121
6132
6833
6372
6392
6232
13716
6262
6302
6192
6211
6091
6442
6503
6171
13405
5450
7043
6782
6823
6292
6542
6312
13716
13656
6051
6212
6242
6182
6092
6202
6081
6823
13665
11912
6262
6613
6242
6352
6061
6462
6372
13715
6182
6282
6682
6292
6843
6532
6322
6302
6262
14037
6532
6452
6292
6282
6492
6211
6132
6703
6442
13355
8697
14336
6032
6182
5891
6072
6502
6492
5941
6111
13285
8707
5952
11261
6001
5982
6232
6232
6081
13685
6182
6041
6102
2875
6241
6362
6061
6112
6192
13355
6282
6041
6081
5971
6031
6232
6212
6342
5891
13205
6052
6322
6132
6052
6001
6062
6993
6151
6292
13395
5891
6372
6072
6372
6161
6201
6442
6042
5871
13486
6151
6172
2715
6192
8566
6222
6252
6473
6232
13826
5891
5881
6022
5981
6051
7935
9197
6372
12544
13686
6021
5961
6051
6152
6332
5981
6351
6162
13416
6513
6181
6021
6272
6181
6071
6121
6082
13595
6362
6001
6302
6332
6022
6613
6131
6111
13696
6232
6002
6162
5961
6412
6653
6122
6131
13405
6071
6212
5991
6181
5982
5951
6181
6001
6282
13475
5931
6011
5971
5931
6172
6312
6171
6292
13766
6282
6262
6252
6322
6242
6542
6082
6031
6301
6322
6092
6152
6011
6121
6151
6142
6081
6552
6161
6021
6051
6692
6472
6532
6092
6051
6071
6041
19156
6382
6082
6011
5981
5951
6182
6132
6021
6662
13675
6242
728937
6532
6232
6292
6292
6071
6082
6172
6282
6082
15869
6272
6092
6242
6162
6182
6162
6312
9257
13686
6302
5971
6071
6142
6493
6332
6171
6061
13676
6572
6232
6472
6091
6262
6182
6632
6442
13345
6221
6202
6131
5981
6021
6092
6362
6171
6022
13465
6181
6182
6011
6132
6072
6052
5972
5962
6121
6181
13926
6052
6122
6172
6682
6001
6001
6262
6271
13525
6292
6462
6172
6122
6112
6302
6142
6302
6092
13966
6192
6182
6052
6131
8386
6522
2705
6412
6262
13515
6151
6102
6181
6372
6903
6502
6161
6282
13555
6211
6603
6071
6733
6191
6402
6302
6101
6082
13335
6182
6201
6062
6111
6673
6392
6141
6022
