3657
7444
7745
7454
7344
7515
7224
7424
12153
7164
6993
7413
7234
7314
7284
7634
7344
7334
7073
7224
7103
15439
7193
7394
9798
7163
7234
7204
7134
7344
7144
14898
7404
7414
7745
7233
7434
7594
7434
7184
7574
14627
7384
7384
7364
7013
7053
7314
8025
7564
14517
7503
7594
7334
7313
7174
7755
7394
7224
7273
14738
7374
7334
7684
7374
8396
7474
7334
14687
7504
7194
7273
7013
6973
7193
7274
7534
7053
14246
7313
7654
7224
7665
7094
7093
7273
7254
7204
9378
8286
7164
7414
7183
7324
7254
7093
7614
7484
7384
7765
7163
7083
7233
7474
7554
14928
7384
7384
7324
7945
7515
7755
9638
8056
7725
14768
7324
7194
7144
7054
7113
7424
7384
7293
7414
14998
7404
7444
9528
7504
7555
7815
8025
8326
7224
14688
7514
7384
7203
12404
7084
7393
7093
7133
7183
7214
14658
7284
7144
9187
8145
7454
7755
7172
7154
7374
14587
7544
7153
7535
7845
7524
7805
7564
7555
7675
15048
7094
7282
7334
7113
7344
7104
7134
7655
7404
14658
7784
7554
7614
7685
7494
7544
7674
7855
16241
7664
7253
7424
7133
7254
9729
7404
7254
14317
7134
7213
7413
7364
7053
7444
7304
7374
14818
7815
7414
7414
7715
7212
7584
8045
7193
7344
15019
7643
7444
7594
7574
7324
8837
3637
9277
7594
16140
7533
7484
7524
12504
7434
7164
7003
7234
14547
7123
7144
7114
7484
7063
7213
7294
7514
14898
7524
7554
7604
7424
7224
7254
7524
7424
14548
7304
7193
7534
7234
7284
7264
7354
7183
7334
14718
533470
7554
7104
7244
7705
7424
7384
7714
7624
7635
7825
7263
7224
8446
7344
7414
7033
7334
18926
7294
7194
7284
7404
7233
7314
7242
7183
11921
7424
15067
7625
7273
7244
7113
8175
7895
8085
7454
14527
15469
7204
7213
7433
7343
7404
7734
7724
7184
14768
7114
7233
7143
7594
7684
7434
8325
8245
7193
14648
7364
7504
7244
7203
7795
8175
11221
8025
7603
7484
15970
3436
7284
7103
7575
7865
7163
7133
7093
7384
7233
14237
7104
6994
7032
7244
7364
7074
7834
8616
8696
7523
9659
7554
7243
7675
7354
7945
7514
7414
7404
14908
7164
7574
7232
7213
7264
7394
7154
7153
7223
19186
7094
7084
7253
7394
7514
8135
8045
7474
14668
7344
8206
7344
7144
7164
7164
7184
7054
7053
14297
7134
7324
7213
7164
7754
7544
8987
8116
7184
14417
7194
7264
7204
7204
8586
7333
3776
7434
7655
7524
7643
14577
7243
7343
7224
7252
7364
7574
7163
7213
17833
14617
7523
7323
7163
7294
7194
7223
7655
7605
15329
7985
7134
12594
7274
7153
7304
7234
7334
7364
14477
7334
7054
7052
3356
7403
7444
7094
7324
7384
14777
7194
7434
7474
7254
7364
7184
7874
7995
8476
15970
7985
7495
7714
7183
7925
7324
7324
7304
14808
7143
3396
7263
7164
7393
7615
7144
8045
7252
7154
15449
7323
7143
7213
7504
7424
7564
7524
7594
14867
7163
7284
7374
7084
7785
7183
7705
7324
7424
7975
7394
7114
7183
7123
7254
7224
7313
7723
14317
7183
7063
7103
7303
7344
7173
61796
7544
14708
7204
7203
3406
7304
6943
7374
7474
7424
7373
7274
14727
7113
7103
7103
7454
7214
7274
7494
7584
7244
14658
7294
7374
7314
7865
7454
7614
7354
7493
7153
14827
7263
7364
7163
7184
8967
7153
7214
7224
14636
7093
7394
7203
7344
7384
7324
7103
7124
7344
7213
7224
7454
7234
7163
7354
7104
7384
7144
14728
7234
7003
8005
7224
7364
7394
7593
7074
7243
7344
7254
7424
7172
7543
7234
7003
7103
14638
8205
7394
7284
8175
7374
7273
7244
7233
14708
7143
7554
7073
7163
7174
7233
7605
7293
7043
15067
7274
7084
7063
8285
7434
7484
7244
7645
7244
14567
7374
7154
7354
7124
7204
7073
7434
7174
7253
7094
14407
7052
7223
7534
7805
10079
7244
7484
7775
7384
15208
8325
7204
7083
7113
7304
7213
7224
7144
7454
14517
7103
7253
7074
7203
7193
7374
7354
7334
7394
14477
7034
7264
7213
7414
7424
7233
7414
7453
7164
15018
7535
7244
7443
7204
7985
7594
7234
7113
14697
7173
4759
7324
7052
7333
7354
7213
7184
7283
14557
7284
7374
7143
7454
7293
7304
7204
7174
7334
14377
7043
7585
7264
7304
7164
7144
7464
7184
14687
7204
7274
7193
7084
7294
7093
7353
7183
14658
48030
7363
7363
7032
7354
7154
7414
7354
14026
6432
7284
7174
7234
7003
7083
7233
7193
7213
14757
7164
7232
7254
7042
7164
7203
7423
7244
14577
7124
7233
7143
7324
7535
7043
7174
7193
14657
7323
7284
7124
7555
7484
7614
7484
7354
14617
7825
7414
7223
7134
7214
7214
7284
7233
15559
7394
7304
8456
7404
7574
7754
7254
7354
7444
15068
7233
7253
7465
7514
7294
7414
7354
7304
7333
14698
7444
7253
7204
7163
7434
7244
7163
7585
7294
7243
7224
7173
7384
7174
7093
7304
7284
7394
7314
14478
7234
7174
7474
7253
8216
11401
8677
8556
7875
15208
7564
7463
7655
7925
7675
7995
7454
14757
7284
7554
7435
7564
7554
7293
7274
7364
14648
7254
14528
7403
7354
7194
7394
7534
7795
7985
15209
7945
7214
7384
7294
7544
7204
7224
7364
7163
7203
7364
7164
7675
7464
7484
7505
7343
3776
15279
7684
7374
7684
8054
7755
7814
7685
7364
15349
7424
7494
7333
7444
7564
7354
7234
7234
14848
7184
7734
7555
7534
7484
7404
7514
15018
7294
7384
7354
7373
7795
7675
7314
8035
15108
14798
7193
7424
7263
7214
7384
7645
7354
7795
14647
7274
7304
7264
7213
7565
7484
7514
9157
8466
21170
7895
7284
7965
3427
7865
7354
7434
7414
7293
15088
7314
7304
7854
7424
7202
7454
7905
7915
8166
14878
7614
8286
7894
7685
7644
8175
7664
7675
21230
7765
7614
13746
7324
7354
7264
7233
7233
7654
14648
14687
7264
7324
7514
7495
7434
7685
7864
7854
7664
7224
7625
7393
7213
7454
7704
7314
12774
15429
7745
7474
7283
7163
8174
7534
7343
7654
8215
15508
7474
7814
7303
7504
7194
7214
7534
7324
7253
7214
14828
7735
12764
7935
8284
7805
7725
7775
7925
14878
7213
7384
7434
7313
7554
7173
7344
7354
7304
15028
7524
7474
7744
8826
7925
7294
7354
7484
15749
7243
3506
7544
7695
8425
7755
7234
7384
8225
15048
7133
8015
7774
7724
7685
7544
7404
7173
7714
14457
7975
7845
7143
7364
7394
7354
8666
7454
8105
8927
16271
8497
7775
7975
7695
8265
7965
7584
7864
7886
15148
7534
7635
7765
7464
7494
7525
7756
7495
15228
7444
3837
7904
15008
7644
8205
7815
7744
7695
7503
8906
7934
15499
7445
7433
7454
7674
7644
7595
7705
7594
7454
7565
7744
7985
7343
7694
7414
7615
13976
7885
7915
8536
7595
7735
7704
7484
7714
7655
7494
14889
7534
13084
7423
7313
7544
7794
3586
7574
7614
7504
15198
7945
7805
7775
7373
7604
7554
8185
8236
8286
15679
7684
7795
7584
7704
7505
7845
7634
7935
21109
7474
7564
7424
7634
7664
7624
7664
7654
15509
7605
8075
7724
7423
7494
7885
8095
7965
9358
15689
7614
7564
7674
7595
593572
13175
7614
13425
7505
7484
7684
7714
7804
7756
7534
15339
7554
7474
7353
7555
7584
7594
7604
7694
7465
15580
7906
7353
7413
7584
7484
7624
7454
7624
7825
15068
7564
7415
7314
7834
7375
7514
7394
7434
7583
14917
7554
7484
7474
7604
7524
7564
7564
7374
15068
7765
7313
7474
7714
8075
8036
7744
7435
7635
15027
7534
7574
7494
7565
7806
7935
7714
7464
15028
7594
7624
7494
7684
7775
7636
7514
7364
14999
7484
7745
7584
7775
7535
7605
7404
7664
7405
14938
3567
8336
14848
8356
8005
7404
7364
7393
7724
7654
7384
7564
14688
7365
7745
7483
7704
7523
7725
7645
7744
7585
14808
7443
7393
7935
7754
7454
7804
7856
7834
14919
7645
7795
7714
7634
7724
8115
8315
7945
15248
7493
80079
7484
7814
7585
8236
8165
8005
7845
7464
7374
7454
7345
7665
7545
7744
7574
7564
3557
15499
7625
59511
7434
7764
8717
7424
7704
7584
7615
15198
7494
7494
7363
7664
7574
7684
7975
7625
14817
7434
7654
7514
7925
7434
7644
7483
7654
14907
7744
7595
7605
7444
7213
7354
7415
7543
7515
14988
7424
7635
7464
7373
7595
7244
7684
8024
7374
7575
7664
7444
7824
3557
7786
15138
7523
7584
7674
7744
7515
7774
8056
7545
14848
7704
7403
7434
7724
7524
7935
7353
7655
8176
7684
14937
7604
7844
7434
7665
7674
8305
7834
7554
15379
7455
7634
7784
7544
7423
7623
7584
7544
7765
7704
7493
7644
7484
7514
7344
7724
7443
15048
7463
7614
7334
7354
7624
7303
7714
7814
7364
15330
7535
7454
7544
7764
7734
7305
7373
7484
7365
7234
7503
7425
7534
7474
15079
7704
7464
7464
7444
7333
7885
7564
7894
15469
7674
7445
7694
7725
8076
7554
7756
7865
7704
14968
7423
7383
7985
7473
7514
8956
7816
7924
15088
7624
7574
14206
7444
7464
7555
7414
7404
14657
7654
7725
7354
7695
14226
7434
8927
7403
14988
14938
7474
7534
7394
7954
7994
7644
7655
7464
7665
7705
8085
8085
7815
7614
7594
7694
7455
7774
14769
7494
7334
7824
7705
7905
7424
7223
7514
7395
14898
8086
7464
8065
7374
7283
7333
7454
7624
7394
15428
8105
7464
7564
7684
7594
8667
7444
7985
14877
7776
7694
7253
7825
7534
7505
13135
7474
14848
7484
7495
7825
7834
8035
7674
7674
7924
7524
15048
7595
7895
7574
7584
7533
12634
7824
7524
7554
15258
7544
7615
7574
8075
8155
8396
7774
7744
6643
7534
7564
7343
7424
7474
8085
7564
7414
7534
14908
7665
7844
7915
7494
7364
7895
7394
8667
14978
14667
7544
7434
7444
7454
7495
7504
7584
7644
7464
7665
14777
7364
7334
7394
7534
7624
7875
7554
7724
14957
7174
7454
7595
3637
7874
7544
7404
7615
7434
14877
7684
7594
7385
7825
7815
7756
7424
7284
7233
14577
7324
7344
7675
7253
7244
7143
7134
7223
12604
15108
7403
7444
7504
7604
7614
7475
8014
7365
14747
7574
7464
7385
7564
7746
7354
7403
7744
7534
15268
7393
7404
7584
7434
7444
7404
7874
7403
7675
14738
7504
8056
7444
7454
7484
7674
7604
7403
7494
14798
7764
7454
7574
7544
7313
7915
8016
7624
7755
15037
7405
7343
7464
7494
7574
7455
7514
7645
7375
14798
7494
7784
7865
7584
7895
7715
7745
14867
7464
7414
8205
7945
8065
9167
7704
7775
7634
7584
7494
7674
7724
7826
10149
7444
7243
7384
7113
7614
7173
7394
7143
9498
11832
7795
15038
7664
7354
7906
8555
7415
7545
7293
7224
15108
6953
7084
7254
7123
7094
7013
6923
7113
7124
14217
7104
6863
7194
7003
7263
9768
12995
7464
7555
7655
7604
8586
7074
7414
7093
6993
7023
7114
14858
7424
7073
6973
7273
7354
7685
6973
14267
7023
7003
6982
7104
7103
6872
7204
6873
14037
6993
6934
6833
6923
7244
7413
7093
10259
7154
14507
6994
7033
6983
3236
7404
7084
6963
6843
7014
7073
6933
6873
7204
6904
6803
7013
7223
6923
7194
14067
6962
7364
7082
7024
7102
8005
6893
6903
7242
14337
7394
7164
6823
7324
6282
7123
7023
7004
14387
7054
7204
7344
8716
6923
461687
7664
7784
7053
7012
6793
6903
14147
6974
6863
7164
6832
6903
6964
7173
14156
14407
6873
7314
6863
6812
6933
6833
7003
6843
13927
6963
6903
6813
7322
6782
6813
7013
7143
7023
14428
6252
6983
7474
9187
7044
7023
6993
6983
14077
6902
6983
7324
7835
6793
6993
6903
6723
7083
14357
7093
6883
6883
6943
6924
7173
6802
6733
14267
6954
6993
6863
6893
6983
7013
6833
7163
6883
14698
7064
7114
6873
7003
6882
6783
7143
6903
3266
7164
6983
6963
6803
7294
6913
7173
12133
6923
6863
14357
7103
6873
6893
6943
7003
7164
7184
6492
7163
7123
14066
6823
7094
7194
7284
7124
7003
7013
7644
6903
14437
6963
6914
7114
7063
7063
7153
7515
7123
7163
7535
6853
9428
7003
6883
6963
6992
7073
7033
14117
7294
6853
6853
7024
7074
6903
6963
7113
6953
6973
14466
7054
7193
6962
7103
7654
7504
6913
7014
7124
14968
7093
7022
7093
7043
7163
7184
7083
7202
6932
14687
7424
7414
7164
7765
8085
8356
7995
7494
14928
7284
7113
7174
7535
7304
7313
7133
7214
7263
7224
14588
7213
6993
7134
7213
7184
7644
7484
7304
14518
7073
7534
7264
7264
7244
7384
7103
7163
7364
7554
14727
7064
7223
7084
10259
7494
7404
7193
7193
7173
14548
7194
7123
7073
7554
6553
7564
7484
7194
7124
14297
7134
7034
7124
12654
7123
7504
7042
7064
14537
7324
9959
7113
7293
7174
7264
7113
7614
7534
14478
7183
7253
7354
7584
7484
7683
7404
7735
7544
14808
7324
7414
7743
7935
7504
7635
7594
7294
7153
15178
7384
7474
7945
7464
7204
7223
7474
7334
9548
18354
7554
7454
7635
7454
7224
7464
7524
7163
7184
14357
7243
7003
7113
7134
7123
7183
7163
7414
7565
10029
7314
14868
7154
7243
7064
7133
7153
7214
7234
7534
14608
7203
7234
6963
7153
7444
7234
7374
7144
7274
14538
7073
7263
7404
3677
7484
7173
7234
7254
7183
14757
7084
7103
7264
7103
7263
7183
7234
7344
14447
7304
9638
7374
7294
7223
7103
7123
7273
7173
14878
7534
7204
7324
7604
7294
7754
7243
7324
7264
14497
7244
7163
7304
7234
7213
7094
7274
7233
14468
7834
7233
7374
7204
7174
7384
7253
7494
14516
3416
7163
7124
7194
7264
7193
7364
7564
7173
14507
7514
7665
7053
7234
7184
7063
7313
7153
7324
14688
7204
7274
7323
7453
7112
7134
7074
14807
7304
7535
7213
7114
7414
7053
7212
7253
14788
7253
7373
7133
7273
7293
7394
7404
7373
7253
14567
7223
7825
7484
7083
7344
7083
7193
7544
8096
14658
9969
7484
7474
7564
7394
7263
4028
7484
7304
14517
7293
7263
7234
7464
7173
7424
7313
7183
7114
14697
7274
7323
7224
7414
7163
7204
7133
7705
7164
14518
7114
6943
7083
7233
9838
7394
7094
7203
7224
14598
7214
7283
7284
7955
7213
7775
7695
7244
7254
7163
7074
7154
7264
7093
7203
846186
13044
7484
7584
7174
7144
7253
7143
7274
7043
7134
14477
7063
7183
7203
7184
7254
7434
6972
7153
14698
7354
7154
7714
7384
7354
7544
7154
7484
7092
7093
7093
7234
7273
7334
7364
7063
7413
7062
14648
14307
7334
7344
7394
7574
8155
7484
7263
7364
7394
14808
7233
7183
7244
7404
7424
7624
7504
7835
63248
8196
7655
7604
7334
7413
7153
7484
7905
7133
14687
7274
7174
7233
7273
7334
7444
7745
7564
14607
7394
7263
7324
7113
637485
7725
7154
7284
14567
7474
7214
7263
7294
7665
65012
7624
7374
14728
7214
7123
7093
7184
7514
7263
7263
7334
14497
7123
614843
10029
7173
7535
7173
7363
7163
7294
7193
7333
7234
7264
7574
7233
7254
7484
7163
7123
7223
14687
7203
7083
7134
7194
7384
7573
7855
7725
7544
7144
7144
7164
7093
7124
7133
7184
7474
7254
7354
14387
7284
3496
7213
3256
14798
7504
7203
7013
7384
7364
7474
7515
7243
14838
7845
7054
7173
7534
7114
7284
7424
7985
15028
7564
7364
7544
7054
7174
7644
7154
7254
7494
14597
7294
7083
7123
7033
7424
7232
7114
7084
7374
7615
7064
7214
7034
7174
7254
7294
7133
7313
7344
14768
7154
7374
7133
6643
7374
7093
7174
7002
7224
14407
7494
7444
7324
7154
7053
7404
7254
7704
7183
7264
7354
7174
6994
7084
7875
7324
8526
7694
7314
7203
7354
7234
7403
7183
8014
7705
7303
7144
14517
7464
7283
9918
9888
8336
7304
7605
7664
7825
14797
7133
7294
7374
4608
7844
11030
10319
8436
7193
7273
14748
7664
7644
7264
7755
8306
7484
7615
7244
14928
7203
7233
7204
7184
8166
7444
7574
7262
7244
7244
7074
7203
7394
7093
7514
7474
7404
14297
7324
7234
7183
7093
7044
7003
7243
7344
7142
14697
7063
7154
7143
7123
7494
7363
7194
7484
14507
7192
7133
7184
7975
7595
7192
7384
7204
7403
14456
7053
7324
7163
7103
7284
7163
7234
7524
7163
7183
7102
9228
7083
7173
7274
7324
7204
7404
14567
7735
7303
7274
7615
7183
7284
8906
7945
14657
7244
7394
7585
7203
7243
7134
7124
7354
14748
7414
7254
7885
7334
7404
7464
7174
7194
73217
7274
7254
7384
7084
7785
7223
7064
7104
14478
7424
7164
7083
7183
7254
7323
7253
14397
7254
8808
22602
8606
7504
7404
7483
7454
7414
7224
7244
7153
14607
6993
7234
7173
7173
7103
7184
7384
9849
7284
7203
14377
7173
7404
53691
7283
7213
7314
7093
7252
7264
7103
7213
7213
462117
11181
7424
7424
7244
7113
7022
7053
9146
7254
14758
7243
7444
7414
7043
7153
7113
7604
7224
14918
7114
3336
7263
7154
7193
7174
7123
7304
7153
14477
7094
6963
7054
12283
7414
7174
7403
7103
14637
7174
7022
7043
7193
7194
7384
7213
7154
7123
14718
7133
7194
7063
7124
7163
7273
7263
7073
14908
7264
7073
7423
7033
7194
3206
7203
7324
7184
7073
7194
7144
7134
7103
7304
14748
7825
8045
7413
7214
7104
7224
7374
7283
7184
12463
7374
7204
7132
7203
7333
6913
7063
14487
7384
7594
7033
3477
7394
7204
7244
7154
7604
7494
7144
7264
7183
7313
7554
7203
7172
7464
7784
7103
15739
7645
7294
7204
7354
7584
7655
7554
7273
7534
15549
7935
7094
7003
7555
7174
7114
7434
7555
14628
7505
7384
7474
10880
10338
7945
8836
8786
8927
19567
9648
8326
10269
9267
10039
7985
8466
8656
15077
7544
7645
7184
7233
7234
7043
7194
7184
7142
7143
7183
9428
7134
8797
7294
14888
7454
7484
7124
7495
7323
7253
7033
7304
14748
7274
3306
7604
14638
7615
7444
7464
7234
7374
10019
7143
7173
14828
7194
7384
7794
7684
7294
9978
7444
7364
15008
7454
7394
7634
7414
7384
7744
7595
7675
8025
14868
7464
7384
7414
7795
7545
7644
7725
7314
7684
7214
7905
7795
7895
7515
14778
7254
7444
7534
7233
7433
7344
7323
7384
7133
7364
15339
7334
7303
7214
7464
7244
7253
7424
7394
7544
7444
7254
7234
7523
7514
7524
7754
14718
7394
7563
7564
7584
7524
7534
7424
7404
14938
7374
7364
7384
7394
7343
7284
7424
7574
7895
15188
7525
7344
7274
7484
7314
7504
7784
10419
18164
15649
9628
7764
8255
7424
7514
7965
7464
7443
14897
7524
7434
7184
7254
7144
7534
7294
7675
14577
7414
10650
3727
8015
7614
7524
7083
7294
7374
7354
14848
7233
8125
7534
7504
8165
7344
8937
8847
16080
7924
7414
10529
7494
8065
7403
7394
7344
7905
14888
7423
7504
7694
7414
7374
7414
7754
7384
14647
7754
7094
7154
7384
7324
7364
7384
7494
7153
7564
9698
7605
7674
7484
8165
10700
7574
7624
15207
7705
7534
8005
8226
7624
9487
7695
7874
15569
10250
7655
8036
8165
7704
7955
7725
7955
7854
16121
10449
8566
5209
8055
10630
7886
8877
11321
15158
7755
7164
7625
7634
10158
8476
8034
7805
10880
8024
7454
7383
8075
7584
7674
7974
10430
10149
8055
22252
9037
7905
7645
7394
7694
8015
9208
10600
19116
11231
8075
9949
7955
10169
7333
7734
7975
9959
15329
7374
7314
7525
11001
7624
7574
7344
7865
7695
15099
7464
7545
7343
7344
7534
8436
7675
7755
7695
15990
8084
7975
8075
7444
7444
7243
7334
7213
7655
9488
7194
7354
9528
7223
7354
8716
7634
7244
8065
14948
7414
10049
7524
7695
7785
7424
7835
7575
7624
15119
7524
7675
7243
7685
8095
7665
3246
7624
7143
14718
7044
7764
7404
7222
7384
7314
7203
7414
7274
14918
7424
7504
7334
7363
7574
7644
7444
7173
7324
18335
7624
7494
7525
7122
7254
7564
7304
7564
7213
7243
7484
7634
8065
7373
7394
7254
7745
7465
14888
7193
7303
7003
7204
7143
7605
7444
7183
14627
7164
7163
7274
7314
7183
7203
7655
7574
7213
15077
7253
7204
7363
7224
7063
7094
3397
7634
7464
14617
7243
7223
8316
9968
14909
9568
9949
9949
9227
19316
10029
9398
9087
10249
7324
7264
7514
7222
7174
14928
7283
7253
7264
7324
7274
7404
7173
7644
14598
20919
8807
8536
7574
10139
7524
6522
7354
7284
7303
7193
7033
7342
7604
7815
7564
7114
7274
7273
14257
7043
7283
7615
7093
7273
12443
7324
7114
7414
14977
7404
7144
7214
7234
7594
8035
7684
7595
14828
7133
7283
7114
7625
7144
7655
7154
7074
15008
7132
7234
7204
7304
7243
7604
7443
7464
14627
7183
7825
8376
8225
7424
7554
7144
7324
7194
14566
7103
7274
7193
7344
7134
7484
7575
7272
14608
7083
7303
7124
7344
7584
7564
7163
7174
7254
7284
17322
7164
7244
7284
7073
7604
7124
7603
7204
7985
14557
6993
7013
7354
7544
7204
7033
7785
7284
15248
8286
7364
7444
7084
7294
7424
7213
7353
14847
8827
7655
7524
7354
7304
7074
7173
7233
14698
3346
7525
7284
7053
7104
7124
7434
7113
7304
14497
7154
7214
7374
7444
7123
7093
7374
9037
7824
15349
7163
7154
8005
7384
7734
7383
7765
7264
7234
7243
7103
7193
7314
7184
7214
7484
7474
8146
18646
7674
7224
3406
7254
15028
7134
7133
6994
7204
7454
7414
7184
7254
7364
7304
14517
7043
7484
7273
7042
7283
7274
7284
7074
14517
7574
7063
7123
7314
7564
7114
7333
7364
14587
7514
7112
7183
7313
7474
7134
7023
7655
7544
14637
7204
7043
7094
7053
7082
7254
7785
7494
7524
7324
7354
7334
7123
7253
7084
7213
7875
7123
14647
7384
7003
7154
9828
7454
7033
7434
7072
7864
20108
15500
7243
7684
7484
7463
7043
7775
7754
9658
16651
9839
10580
7704
7594
7654
8306
7674
8376
15719
7244
7334
8827
9628
7475
7644
7314
7595
7444
18444
7374
7965
7655
7434
7564
8034
9218
14757
16071
10400
10100
7665
7774
7634
7334
7414
7264
7414
15299
7955
8065
7935
7284
7564
7525
7364
7363
7264
7414
14528
7224
7575
7353
7694
7444
7234
7864
7814
6811
8747
7505
7474
8135
7674
7464
7313
120996
9918
21099
9267
7564
7614
7443
7343
7434
7545
7554
16181
7644
7815
7354
7304
14437
7244
7644
7303
14948
7233
7555
7364
7975
7494
3767
8065
7604
7263
14918
7334
7424
7524
10149
15459
7284
7374
7154
7875
7794
7224
7314
7324
16401
7284
7484
7293
7093
7233
7184
7144
7253
7454
14938
7164
7144
7354
7274
7273
7284
7404
7324
15058
7203
7283
7504
7554
7444
7544
7765
7194
11531
7785
7324
7444
7354
7334
7374
7654
7283
7203
14888
7203
7234
7183
7294
7423
7254
7775
7254
14658
7184
7312
7293
7273
7203
7173
7274
7724
15189
7284
7573
7574
7715
8055
7725
7284
7654
15029
7484
7834
7404
7232
7294
7404
7273
7343
7243
14898
15099
7244
8566
7424
7464
7224
7223
7465
7113
14908
7683
7514
9688
9297
7975
7163
7394
7344
8967
14888
7164
7764
7393
7354
7464
7354
7534
7283
7274
7304
7154
7193
7234
7243
7224
7163
7093
14638
7194
7044
7003
7294
3297
7424
7323
7154
7073
7224
14507
7284
7133
7032
7444
7123
7364
7604
7274
7344
15139
7153
7272
7083
7284
7174
7103
7384
7034
7103
15129
7243
7284
7354
7324
7154
7383
7354
7294
14447
7234
7114
7434
7133
7123
7264
7073
7143
14578
7173
7344
7534
7343
7374
7354
7373
7183
7364
7314
7254
7114
7123
7093
7374
7254
7034
7445
6993
7244
14708
7294
7474
7114
7173
7153
7133
7053
7043
7114
7224
15028
7434
7143
7524
7554
7423
7364
7204
7203
9387
15199
7334
7615
7414
7073
7044
6994
7244
7134
3297
7364
14367
7284
7234
7083
7193
7224
7123
7144
7444
7254
7323
14647
7473
7724
7374
7334
7264
7454
7835
7694
7424
14708
7325
7284
8045
7424
7484
7253
7665
7464
7864
18384
7823
7213
7193
7103
7264
7113
7123
7334
14317
7234
9087
7284
7595
7514
7253
7333
7063
7313
7204
7143
7233
13846
7143
7223
7123
7794
9347
9728
20559
7192
7635
7384
6983
7314
7374
7173
7153
7053
14487
7314
7093
7264
7434
7463
7063
7354
7013
14738
7093
7274
7294
7394
7272
7153
7173
7214
7073
14577
7164
7173
7193
7303
7153
7193
7424
7293
14728
7354
7304
7054
7104
7153
7294
7114
7444
7093
14286
7314
7153
7203
7293
7394
7243
7254
7584
24035
14657
7344
7514
8486
7204
7163
7293
7173
7463
14727
7564
459241
11010
7734
7524
7194
7062
7855
7515
8065
7795
7354
14698
7092
7162
7094
7213
7555
7113
7022
14798
7244
7214
7284
7323
7243
7304
486882
7724
7554
7264
7264
7303
7225
7424
7033
3456
7434
15239
7484
7584
7244
7234
7183
7083
7043
7193
14647
7164
7405
7224
7204
7263
7324
7172
7284
14878
14547
7414
7054
7254
7244
7153
7053
7384
7184
7264
14477
7184
7223
7183
7284
7253
7243
7044
7153
6944
14979
7204
7143
7153
7374
7224
7212
7424
7464
7304
14466
7364
7374
7334
7193
7173
7364
7505
7084
7082
14517
7224
7153
489709
10961
7333
7334
7304
7134
7103
7264
7253
7644
7344
14528
7604
7604
7033
7213
7264
7394
7194
7123
7153
7524
14577
7514
7153
7423
7073
7254
7374
7214
7053
14447
7172
7092
7274
7174
7123
7273
9378
7985
14518
9888
7324
7234
7464
7334
7555
7785
7954
14737
7214
7274
7444
7393
7093
7234
7072
7664
7785
15389
10259
8185
7715
9548
7494
7074
8145
7554
7324
14777
7614
7204
7242
7173
7324
7354
7655
7473
14668
6693
7384
7504
7274
7123
7404
7384
15089
7264
7704
7224
7144
7344
7233
7154
3116
7534
14297
7214
7033
7193
7063
7253
7123
7133
7123
14647
7254
7144
7153
7465
7394
7473
7154
7334
22833
7234
7423
7093
7294
7213
7314
7554
7454
7384
7284
7053
7253
7243
7122
7303
7124
7173
7975
7193
8005
14978
7584
7304
7293
7124
7273
7213
7323
7223
7214
14337
7153
7344
7114
7254
7204
7494
7103
7684
7584
25508
7224
7373
7033
7263
7223
7203
7173
7334
7323
14407
7263
7274
7204
7042
7925
7424
7353
7224
7595
14648
7223
7224
489859
10319
8005
7364
7624
7243
7213
7274
7413
7684
15149
7384
7143
7454
7575
8817
9768
7604
7254
7164
14407
7144
7314
7213
7172
7494
7454
7153
7134
7274
7104
7194
7424
7243
7504
7324
13075
7364
14626
7093
7414
7084
7504
7094
7543
7324
7374
7304
14747
6953
7233
7324
7133
7673
7133
3256
7394
7505
14647
7264
7284
7294
7194
7223
7354
7304
7323
7053
14708
7244
7204
7274
8436
7183
7294
7314
7324
14307
7213
7183
7333
7283
8266
7163
7514
7173
7464
7624
14467
7324
7123
7214
7114
7274
7254
7294
7104
7104
6603
7795
7183
7304
7294
7033
7294
7264
29576
7465
10129
7184
7094
7614
7103
7565
7193
14357
7073
7494
7313
7284
7183
7194
7213
7083
7133
14798
7194
7244
7204
7103
7213
7354
7173
7274
7334
14427
7064
7124
7253
7324
3507
12283
7343
7264
7203
14628
7384
7183
7073
7093
9849
7194
7775
8165
21220
8556
7394
7243
7694
7023
7404
7475
8435
15129
7174
9318
7264
7735
7284
7634
7283
7524
14517
7204
8005
7905
7074
7745
7885
7504
8897
14687
7364
7424
7154
7112
3426
7564
7083
7193
7604
7244
14978
7093
7142
7182
7194
7464
7194
7293
8907
14528
7143
7164
7435
7955
7514
7272
7204
7334
7203
14718
7203
7414
7384
7133
7123
7344
7333
7033
14738
7224
7384
7434
8376
7344
7404
7264
7163
14266
14317
7424
7494
7104
6963
7204
7172
7585
7524
7194
14588
7154
7624
7724
6952
7324
7163
7144
7104
7675
14437
7414
7324
7094
7103
7153
7394
7334
7193
14818
14858
7103
7114
7074
7153
7434
7224
7344
7324
7082
14947
7324
7555
7144
7826
7374
7674
7545
7534
14397
7535
7153
7534
7144
7444
7103
7164
7535
7114
15159
7705
7144
8095
7865
7674
7364
7213
7294
14247
14578
7103
7124
7244
7234
7534
7152
7624
7384
10340
19206
7444
7304
7394
7283
7163
7142
7273
7344
7173
14206
7293
7344
7213
7414
7023
7495
7424
7264
7244
6962
7544
7214
8376
7254
7404
7363
7164
7323
20128
7314
7074
7194
7314
7164
7253
7573
7624
14477
7284
7074
7143
7193
7394
7595
7615
3367
7644
14548
7244
7173
7374
7444
7975
7083
7073
7414
14558
7754
7194
10059
7094
7203
7164
7585
7464
7303
14658
7153
7685
7143
7154
7133
7333
7224
7514
7093
14587
7093
7244
7102
7364
7185
7323
7033
7094
14478
7223
6893
7042
7424
7243
7324
7515
7845
7574
14858
7203
7283
7344
7023
7284
7043
7193
7083
14356
7133
7113
7093
7174
7354
7233
7515
7424
7023
7133
7153
7134
7053
7133
7134
7222
7134
7213
14968
7313
7304
7384
7504
7193
7585
7455
7554
7585
14908
9539
8947
7404
7494
7444
7193
7284
7494
7614
14987
8296
7284
7094
7204
7234
7043
7363
7615
7184
7224
14698
7043
7293
7164
7133
7354
7584
7354
7844
7253
14988
8957
7334
7053
7394
7233
7153
7203
7254
7023
14577
7194
7193
7162
7074
7172
7384
7064
7154
7053
14888
7033
7262
7254
7273
7263
7123
7344
7234
14508
7374
7163
7233
7183
7223
7203
8206
7234
7564
14607
7014
7033
7062
9317
7484
7073
7293
7334
7104
14477
7192
33182
7474
7394
7184
7324
7303
7173
14517
7104
7264
7184
7324
7154
6983
7555
7153
7193
14778
7875
7054
7454
7464
7164
7284
7164
7414
7454
7334
7163
7343
7174
7093
7563
7444
7303
7283
7202
14788
7024
7214
7154
7915
7223
7344
8555
7694
14948
7374
7144
7044
7183
7293
7232
7373
7344
7043
8245
3416
14948
7054
7173
7414
7193
7554
7104
7203
7104
7314
7084
7104
6964
7584
7553
7092
7123
7234
7414
7214
14297
7093
7154
7334
7154
7184
7214
7423
7194
7153
14487
7224
7083
7334
7694
7113
7314
7174
7514
7114
14927
7163
7384
7274
7373
7153
7022
7294
7243
7104
14307
6672
7444
7053
7183
12985
7164
7665
7053
14548
7104
7254
7154
7093
7193
7263
7354
7124
14437
7074
7514
7093
7494
7223
7444
7214
7073
7133
14427
14407
7343
3346
7213
7164
7153
7224
7103
7764
7164
14597
7003
7263
7213
7074
7023
7304
7274
7424
7114
7173
7114
7344
7154
7134
7113
7072
7283
7484
14296
7384
7193
7103
7072
7173
7083
7023
7224
7284
14577
7214
6963
7193
7103
7474
7474
7223
7314
7014
14376
7232
7114
7444
7114
7164
7164
7584
7193
14698
7554
7154
7253
7494
7464
8957
7564
8126
14658
15038
12794
7254
7585
7304
7353
7334
7745
7123
3528
14938
7103
7755
8396
9988
7224
7323
7113
7244
15018
7233
7144
6993
7535
7795
7633
7123
7244
14497
7494
7384
7193
7314
7163
7213
7114
7294
7304
7504
7134
7134
7184
7695
7244
7354
8956
7344
14588
7164
7354
7453
7053
7073
7052
3347
7314
7204
7314
14577
7084
7293
7233
7373
7163
7504
7895
7164
7323
14677
7094
7113
7083
7314
7304
10289
7063
7484
7495
7404
7174
15279
7183
7243
7354
7584
7284
7605
7163
7073
7233
7374
7164
7324
7214
7244
7284
14667
7184
7223
7303
7003
7214
7213
7264
8295
15139
7344
7344
7193
7354
7233
7204
7464
7264
7223
14667
7434
7403
7353
10340
7373
7785
7394
7564
7114
7104
14867
7544
7174
7284
7154
7034
6983
7354
7324
19246
7294
7845
9097
7324
585818
7545
7204
7364
9718
19477
7203
7594
7134
7104
7354
7845
7193
7795
7324
14848
7374
7565
7584
7384
7574
7103
7284
7494
7494
14918
7273
7414
7604
7264
7394
7354
7233
14417
7264
7253
7123
7585
7374
7705
7374
8075
7374
7855
14487
7744
7684
7303
7243
7324
7444
7264
7454
7143
14778
7224
7214
7384
7464
7233
7174
7244
7925
14878
7303
7695
7344
7404
8295
7985
7424
8075
14597
7694
7634
7344
7374
7204
7384
7604
7354
7274
15048
7434
7114
7534
7274
7413
7404
7344
7244
7233
14868
7294
7163
7204
7323
7273
7665
7885
12834
11331
21861
9358
14338
17052
12333
10540
9919
9077
8637
7354
8707
7404
7172
8145
7524
9989
7645
7454
7332
7694
9468
8987
10059
8386
15629
8757
8536
7945
8105
7924
9017
9648
8657
15649
4208
8096
7684
7574
7575
7814
7604
8877
7685
9126
18876
8576
7153
7224
7304
7304
7635
7674
7815
3276
3397
7394
14768
7314
7033
7133
7434
7314
7614
7974
7855
8296
18204
7906
8436
10660
9609
7775
9317
7274
7083
7714
15620
8055
7684
7233
7274
7514
7414
7264
7434
7354
15278
7213
7514
7384
7374
7734
8847
7895
7854
15109
8406
7344
7404
7373
7324
7344
7354
7264
14808
14507
7123
7282
7324
7524
7314
7324
7374
7524
14537
7143
7074
7875
8175
7915
8035
8275
8055
15258
7363
3648
7514
7264
7233
9137
7424
7614
8136
14778
7424
7484
7444
7404
7354
7233
7535
7755
7635
7314
15259
7664
9258
7865
7795
7755
7454
7344
7243
15059
7274
7283
7545
7344
7404
7123
7363
7284
7164
67315
7825
8165
7464
7293
7114
7233
7334
15438
7644
7935
8416
7354
7585
7283
7524
7204
20038
7223
9368
10449
7364
7204
7244
7304
7173
777167
13555
7635
7284
7434
7323
7093
7213
7364
8947
8256
17703
10800
8395
7605
7905
7835
7655
7845
13546
7965
16682
7754
7694
7383
464330
7674
7524
7504
7454
8035
15498
7705
7425
7915
7434
8947
9248
7904
7995
15078
7474
7684
7723
7805
218560
8457
9228
8215
8296
8035
8316
10400
8645
8196
10219
9067
8246
16530
18194
9237
13505
14948
10920
11080
9918
9798
8726
15219
8436
7375
7374
8135
7805
10840
7484
9558
7615
17793
9628
8656
9237
8756
7604
7393
14839
7674
17423
7264
7454
9538
7543
10109
8285
7825
7924
8175
15589
7664
7835
9808
8336
7504
8476
7715
8066
7644
7784
7645
7384
7464
7604
7464
7564
7614
7253
7504
15229
7524
7695
7374
7575
7564
7494
7253
7143
7353
14577
7274
7524
7454
7434
7263
7464
7213
8536
15589
14918
7584
7794
7644
7514
7323
15339
7384
7474
8266
7905
7794
7274
7524
15369
7404
7454
7445
7274
7554
7424
7724
7384
15069
7705
7434
8676
7865
7414
7835
7324
7714
7714
7354
7474
7253
7524
8717
8436
7414
7634
14797
7354
7263
7244
7163
7253
7113
7323
7434
7845
7475
15449
7514
8275
8787
8346
8576
11893
7714
7955
15008
15058
3477
7644
8025
3357
7354
7484
8154
7414
7845
7143
7334
15279
7584
7484
7524
7283
7094
7094
7294
7233
7294
7293
7264
7324
7523
7234
7494
7404
7424
7233
14437
7163
7304
7454
7123
9477
7254
7524
7615
7213
14338
7414
7204
7785
7424
7323
7223
7194
7162
7123
14517
7224
7213
7424
7174
7224
7033
7133
7344
7263
7494
14387
9738
7294
7094
7404
7234
7192
7173
7234
7104
7605
7374
7214
7163
9829
3447
7304
8346
9147
8907
15549
9418
7163
7193
7364
7303
8064
7725
7825
15157
7224
7264
7273
7765
7424
8135
8015
7574
15188
7274
7684
7755
7604
7474
7483
7745
7494
14828
7273
7605
13967
7946
7945
7555
7624
7504
14808
7243
7413
7414
7814
7444
7705
7665
9418
7334
14567
7184
7725
7664
7193
7243
7344
7183
7563
7485
14948
7444
7413
7464
7384
7524
7865
7584
7504
7835
7564
15510
7463
7574
7544
7453
7986
7644
7624
8916
15218
7554
7594
7544
7284
7555
7874
7454
7734
7666
15478
7584
7704
7635
6943
8377
8075
8195
7634
14978
7585
7624
7484
7735
7475
7775
7724
7415
7755
7604
7554
7304
8336
7173
7283
7224
7134
7484
9017
26850
7565
7244
7533
7735
7574
7523
7664
7384
7614
15179
7563
7645
7695
7614
7444
7354
7505
7553
7685
8325
9468
7344
7173
7173
7133
7053
7614
7093
14718
7073
7254
7364
7064
7363
7184
7464
7284
7153
7182
14767
7284
7174
7284
7464
7164
7704
7133
7635
7585
7092
7103
7173
7223
7684
7695
7814
7865
15009
15078
8116
8005
7975
7714
7764
7836
7734
7484
7595
15219
7855
3517
7935
7574
7534
7624
7615
7775
7424
7775
15078
7975
7944
7644
7475
7554
7484
7584
7364
7445
23063
7464
7855
7603
7494
7835
7395
3556
7534
7434
7414
15549
7454
7584
7464
7404
7664
7555
7444
7484
7565
14867
7624
7444
7575
7634
7615
7765
7815
7844
15289
7394
7844
7654
7405
8766
7444
7092
7203
7334
7494
7665
7424
7344
7343
7212
7405
7064
7374
7263
14226
7564
7484
6964
7232
7344
7154
7234
7114
7144
14577
7163
7283
7164
7134
7364
7133
7384
7324
7554
14708
7695
7573
7404
7384
7304
7474
7254
7164
14548
7294
7254
7023
7074
6983
7093
7635
7023
7484
14287
7073
7234
7133
7164
7244
7113
7274
7555
14597
7104
7194
7103
7093
7043
6863
7243
7013
7645
14387
7324
7013
7352
7264
7033
7143
7434
7324
14347
7113
6972
6994
7234
7474
6984
7434
7194
14758
7183
7344
7002
7104
6923
7123
6903
7114
14427
7664
7344
7214
7484
7445
7834
7254
7735
879939
7494
7123
7184
7294
7504
7304
7574
9769
9938
8005
15289
7434
9247
9838
10891
9618
10870
10720
12674
20438
10109
8827
8666
10219
8416
11311
8125
8636
19797
11461
10409
10610
10459
11291
7814
9908
9778
10148
18346
10440
10048
8766
9108
8596
7465
7675
7514
7554
4447
9978
20179
9799
9087
8566
10489
7764
8016
9598
9759
11281
12544
11311
22673
10911
9077
8956
10539
9578
11281
11662
21630
9959
10480
11251
11511
9457
12103
9117
12042
9317
16852
5390
27482
15439
14087
8196
8266
8886
8115
8106
8136
16340
7805
7765
7985
7865
8426
7744
7745
12243
20728
8586
8746
30177
7764
7844
7555
10068
11181
11762
20578
8946
9457
12174
9678
10359
9197
9868
10461
149460
4088
12563
11011
12283
11551
10339
9879
10208
12023
8585
16312
10029
8405
9267
12173
10178
12683
12153
12333
18575
8937
5419
9337
9878
11502
18004
9347
8647
11992
8787
12272
20779
9037
9348
11170
10641
10410
10068
10659
8205
687950
15639
8076
7644
7734
7384
7244
7394
7454
7264
14718
7244
7274
7443
7895
7894
8176
11271
7955
8426
7344
7514
7184
7585
8026
7705
7915
8466
15148
7955
7484
7674
9218
7744
7524
7314
7554
7263
7454
7234
7233
7294
7304
7624
7214
7184
7314
15008
7473
7374
7865
7333
9868
7384
7364
7525
7414
14778
7804
7594
7484
8206
7324
7414
7714
7854
10720
16280
8716
9678
7574
7585
7444
7353
7745
7705
14968
7253
7995
8055
8195
7564
7635
7835
8025
15179
7494
7743
7384
7283
7424
7454
7574
7494
7514
15469
8277
12253
7755
15549
7243
7334
7484
7254
7404
44654
8205
7564
15028
15288
10169
7394
7343
8145
7524
7934
7874
7964
14889
7794
7414
7644
7394
7484
7515
7294
7504
7614
14918
7384
7394
7734
7945
7534
7605
11001
8035
7354
7544
7474
7324
7404
7584
7544
3396
7194
7374
19928
7244
6462
7243
7604
7253
7193
7374
7303
14416
7644
3196
7605
7123
7465
7294
7304
7434
7353
8356
15049
7484
7384
7634
7544
7414
7644
7224
7513
14808
7333
7264
7435
7564
7404
7624
7474
7765
7604
15039
8225
7363
7634
7394
7494
7544
7214
7203
14988
7293
7705
7403
7583
7244
7243
7985
13766
17312
8175
7424
8616
8356
8265
8156
7525
7795
14807
7694
7324
7374
7565
7554
7234
7535
7163
14728
7314
7184
7184
7464
7253
7244
7394
7203
14808
7223
7174
7774
8105
9178
11261
7344
7945
15158
8105
7335
10389
9187
10179
10149
9248
7524
15890
9778
9679
9467
8036
7293
7323
7414
7314
7544
15018
7264
3537
7393
7534
7223
7184
7633
7343
7264
14638
7705
7263
7484
8966
7294
7454
7555
7173
7134
7434
14718
7133
7645
7604
7334
7244
7144
7062
7254
14458
7204
7294
7334
29254
7394
7123
7614
7343
7433
14598
7174
7104
7123
7123
7233
7715
7303
8906
7274
7934
15589
10349
7214
7444
7084
7524
7314
7534
7474
7544
14678
7214
7173
7354
7614
7633
7444
7203
7344
18655
7604
7264
7533
7334
7304
7224
7454
7914
7574
7424
7524
26049
7755
7825
7314
7554
7565
7745
15609
8436
7244
7253
9609
10459
7975
7785
7283
14738
7384
7474
7454
7314
7785
7513
7254
7404
14948
7795
10360
8085
7543
7263
7524
7675
7454
7515
14988
7254
7183
7484
7364
7204
7645
7063
7244
14687
7264
7835
7834
7714
7333
7614
7463
14788
7224
7514
7183
7283
7263
7504
7554
7555
7374
14748
7274
7223
7333
7383
7956
7504
7534
7283
14837
7174
7324
7504
7955
15319
7875
7484
7233
7323
14407
7635
7334
7304
7374
7334
7264
7283
7063
7604
9268
15329
7785
7294
7194
7233
7885
8125
7344
7414
7434
14678
7264
7244
7694
7494
8456
8225
11391
7424
7234
14738
7324
7133
7253
7264
7203
7193
7514
7054
7805
14918
7243
7044
7023
7394
7224
7243
7253
7033
14838
7304
7154
7083
7244
7203
8515
7795
7324
7513
7294
14868
7754
7254
7083
7164
7032
7114
7054
7264
14588
7094
7234
7112
7433
7342
7114
7173
7634
14607
7334
7244
7353
7174
7213
7474
7805
7565
7484
14377
8165
7404
7665
7182
7344
7174
7243
9378
8315
7304
19536
7374
7244
7434
7645
7264
7394
7204
7374
7184
14778
7454
7855
7284
7044
7484
7524
8055
7474
7584
15088
8216
10429
9397
11621
9337
12323
9888
10329
18425
9238
12222
10190
9458
9878
9657
11391
9838
10029
18966
9518
4208
9377
9318
9538
9188
9428
10138
9358
19697
11381
10189
10189
10069
9608
9859
10240
4619
20058
10931
8387
8585
9096
8406
11831
8957
8766
8626
8837
12082
9318
8616
8566
60374
30207
16221
12092
5130
25978
13907
10199
7795
7544
9618
7654
7404
9308
8006
20218
7714
10600
9057
7584
9368
12934
7494
7344
14938
7344
7363
7264
7755
8044
8627
8125
10840
22101
12283
12533
11872
12132
10901
14538
12002
12103
9288
11632
22682
11201
12303
8877
11872
11732
11190
10990
12153
11953
22844
12102
11311
13675
11171
11502
12264
8806
11822
11542
14828
8185
7524
8726
7154
7384
7304
7374
7945
15910
7434
7214
7354
7364
7673
7885
7745
7725
7654
14848
7725
8436
8806
10240
8225
7995
7203
7383
8766
14808
7965
7655
7134
7394
7063
7244
7294
7344
9428
7244
7454
10059
7474
7393
7304
7334
7474
7283
7224
14838
7333
7214
7303
7925
7313
9147
7334
7194
7284
7654
7344
7324
7244
7403
7123
7745
7464
8015
15248
9729
7433
7484
3416
7514
7294
7284
7724
7895
15289
7264
7444
7424
7745
7264
8116
7544
7324
7514
3597
15269
7273
7414
7244
7194
8777
7755
7695
7585
7274
15158
7183
7624
7384
7204
7183
7575
7424
7384
20549
7635
7294
7294
7404
7334
7163
7394
7334
7314
7454
7204
7454
9809
7775
7605
7524
7564
14747
7433
7264
7954
9779
7865
10009
9738
11221
10559
21171
10409
9948
9247
10691
11591
10429
11091
12373
17644
12392
10480
11281
199514
9116
7915
8035
8025
7604
9618
17334
10660
7876
9487
7454
7565
8616
8095
10379
20428
8296
9378
7644
7193
10821
7724
7905
7895
7645
20619
8316
10731
10229
8175
7464
9217
8697
7564
14808
7655
7224
7464
7404
7444
7224
7564
7594
7444
14898
7374
7324
7274
7465
7214
7334
7474
7224
7263
7384
7724
7434
7694
7414
7324
7444
7374
7344
7223
14698
7394
7484
7514
7665
8014
7344
10089
7654
14788
7414
7294
7184
7454
7474
7243
7224
7214
7544
14878
8727
7324
7224
7183
7334
8506
8315
7373
7634
15137
7173
7264
7394
7154
7304
7754
7734
7874
18936
7494
7263
7214
8196
10239
8004
8316
7955
8376
14768
7505
7423
8306
7344
7585
7554
7324
7474
7334
9047
7294
8606
14838
8266
7704
7604
7364
7454
14798
7344
8105
9528
7845
7475
7334
7535
7634
39896
7284
7183
7614
7193
7775
7434
9999
7213
7514
15098
7485
7233
7213
7434
7344
7344
7414
7213
7244
14507
7324
7824
7223
7575
7114
7324
7304
7564
7945
15257
8005
8255
7605
8186
7834
8866
8436
8065
7824
15749
8245
8405
9658
8165
7635
7904
8396
7424
20007
20508
8336
10119
7555
7575
7273
7393
7324
7293
15018
7584
7234
7584
7474
7714
7414
7394
7504
7274
14587
7314
7324
7334
7234
7263
7194
7122
9478
7774
7434
7383
7123
7264
7243
7194
7313
7343
7364
7454
7735
15008
9888
7414
7273
7214
7293
7404
9477
7504
19937
7795
7475
7294
7263
7704
7765
7544
7464
7945
14718
7304
7334
7304
7424
7284
7074
7264
7333
7354
14548
7404
7334
7184
9208
7203
7114
7304
9126
7364
14888
7444
9137
7575
7915
7423
9728
7795
7274
7214
14698
7253
7233
7204
7814
7714
9487
8716
8126
8585
15129
7474
7624
7294
7193
7474
8646
621345
13455
7183
7654
7404
9708
7374
7494
7414
7494
15129
7424
7324
7314
7544
7484
7164
7283
7976
8235
7444
7705
7404
8236
8005
8105
7695
8546
7803
15288
10500
9568
4849
10409
35055
8897
9789
9648
14517
7374
8626
7584
7634
7303
7173
7905
7955
14948
7294
7584
7333
7644
7244
7324
490699
7333
7274
7494
14818
7273
7645
7795
7213
7354
7393
7344
7414
14898
7304
7174
7454
7212
7394
7715
7664
8706
15960
7824
7114
7224
7625
7434
7745
8245
8186
7554
14918
7344
7453
7234
7624
7734
7545
8616
7193
8626
15018
7584
7484
7374
3526
7784
7394
7735
7454
7183
7294
7283
7063
7234
7454
7344
7404
7334
7484
7274
7243
7234
7204
7174
7303
7694
7523
7334
7514
7584
7264
7764
7975
7234
8005
7154
7464
7454
7333
7675
7143
7304
6983
7103
7164
7233
7294
7214
14708
7414
7173
7454
7424
7283
7534
7374
7263
7013
14227
7163
7384
7334
7274
7624
7343
7182
7143
14568
7584
7424
7124
7384
7264
7253
7535
7454
7354
7714
14708
7164
7163
7314
7574
7944
7635
7413
7524
14648
7104
7243
7584
7354
7293
7474
7473
7233
7944
7474
7484
7244
7383
7113
7234
7324
7123
7214
14917
7163
7534
7554
7214
7404
7093
7103
7164
14967
7244
7204
7965
10159
8075
7384
7524
7062
7394
14397
7304
7274
7264
10099
7444
7264
7534
7123
14948
7504
7224
7394
7263
7253
7113
7444
7344
7203
14808
7865
8646
7384
7304
7474
7234
7785
7254
505087
7404
7164
7233
7203
7244
7404
7464
7403
7995
9829
7725
7414
7615
7114
7554
7264
7584
7384
15369
7364
7444
7204
7274
8346
7274
7594
7773
14427
14666
6933
7915
7424
7113
7463
7435
7945
7324
15007
7744
7364
7504
7434
7084
7744
7444
7535
14356
7204
7464
7334
7374
7314
7414
7444
7363
830217
14858
7594
7344
7264
7454
7594
7353
8446
7153
7194
7203
7204
7163
7474
7374
8556
7294
7815
15008
7143
7424
7164
7514
7825
3367
7334
7615
7124
7154
7104
7093
7292
7414
7234
7544
7243
14417
7264
7362
7504
7233
8135
7223
9088
8625
9998
17584
7875
7404
9498
7785
8045
15039
7283
7413
7234
7344
3336
7534
7464
7133
9427
7374
7634
7153
7163
14537
7314
7324
7273
7284
7464
7203
7364
7974
8777
7725
7172
7153
7194
7164
7374
7444
7844
7264
14618
7644
7404
7113
7314
7474
7234
7234
7243
7354
7263
14648
7324
7514
7233
7153
7704
7524
7735
7334
14918
7093
7324
7383
7183
7875
7093
7163
7274
14808
7454
7223
7164
11842
7644
8096
10550
7805
14898
7052
3406
7303
7595
7274
7284
7374
7263
7484
7354
14738
7454
7164
7454
7164
7274
7084
7134
7114
7804
14878
7324
7304
7344
7224
7183
7214
7204
7444
14447
7395
7283
7985
7584
7364
7213
7344
7193
7584
15008
7264
7324
9708
7374
7214
7103
3386
7354
14367
7234
7083
7905
7604
7144
7264
7434
7244
20158
8056
7264
7264
7294
7745
7955
7204
7254
7033
7263
7213
7344
7194
7204
7043
7525
7193
7213
14927
7024
7183
7133
7554
7073
7264
7194
7624
14738
14808
7374
7634
7504
7344
7805
7674
7654
8737
15068
7444
7384
7505
7334
7384
7604
7654
7233
14757
7675
7594
7444
7435
7274
7184
7113
7444
7183
14768
7223
7063
7334
7163
7264
7354
7444
7594
14327
7324
7474
7463
7294
7234
7625
7544
7154
7274
14727
7103
7213
7204
7164
7124
7283
7585
8596
15099
7464
7334
7274
7244
7224
7384
7895
7874
7023
14367
7223
7634
7344
7203
7174
7605
7854
7814
7214
14627
7103
7123
7544
7254
7224
7053
7384
7204
7354
14628
7134
7113
7864
7664
7234
7054
7444
7334
7433
14648
7203
7193
7283
7193
7224
7454
7243
7233
14407
7584
7134
7444
7114
7044
7665
7804
7755
7665
18574
7344
7284
7284
7534
7093
7144
7474
7614
7244
15369
7214
7915
7334
3316
7534
7695
7444
7134
7284
7574
7153
7344
14598
7384
7775
7234
7253
7324
7324
7193
7193
7214
14617
7593
9709
7253
7615
7324
7193
7785
7133
7043
7203
3627
7373
7284
7514
7213
7192
7123
7604
7524
7304
14958
7192
7174
622317
7405
7164
7474
7574
7635
14918
7104
7073
7123
7363
7274
7113
7344
15218
7254
7023
7524
7132
7254
7303
7003
7574
7454
15638
7724
7033
7354
7123
7113
7094
7674
7214
7444
15029
7404
7144
7324
7022
7203
7214
7304
7374
14327
7144
7143
7134
7254
7464
7454
9127
7173
7344
7645
14547
7494
7394
7113
7684
7674
7484
7865
7644
7575
7304
14517
7244
7384
7114
7204
7274
7063
7044
7103
7504
18845
7434
7264
7174
7154
7123
7424
7584
7142
7384
7233
14808
7444
7164
7174
7484
7593
7454
7274
7614
8015
15709
7363
7184
7062
7364
8567
7324
7474
7124
7423
7123
14697
7324
7244
7955
7625
7634
7484
7224
7284
7444
14748
7283
7464
7644
9898
7334
7414
7534
7614
15178
7574
7464
7444
7154
7263
7304
7193
7073
7083
7344
7143
7093
14217
7714
16100
7394
7164
7224
7374
7124
7114
7233
7434
19055
7244
7323
7174
7114
7224
7644
7734
10790
7253
14708
7534
7223
7273
7264
7444
7755
7324
7143
14577
7214
7474
6984
7384
7184
7104
7224
7364
7344
7274
7303
7084
7344
7434
7263
7354
7234
7213
14558
6963
7183
7133
9999
7074
7313
7073
7464
7224
14688
7243
7134
7324
7313
7515
8306
7284
7134
14748
7153
7134
7343
7184
7083
7204
7124
7153
14667
7334
7875
51246
7755
9177
7183
7755
8025
7814
15108
7164
7765
11021
7785
7304
7895
7274
10019
7323
14586
7503
8446
7264
7133
7385
7635
7504
7645
7414
14637
7294
7074
7214
7063
7154
7153
7164
7494
14708
7254
12073
7264
7604
7294
9057
7383
9178
20488
7434
7374
7314
7474
7604
7114
7544
7253
14978
7635
7515
7394
7183
7444
7564
7454
7144
7262
14758
7434
7214
7194
7174
7214
7183
7314
7223
14678
7594
7153
7414
7333
7153
7183
9798
7254
14487
7253
7244
7083
7083
7364
7154
7193
7224
7233
7504
7164
7233
7152
7134
7374
7233
7444
7424
14627
14217
7234
7264
7104
7334
7094
7133
7354
14908
7303
7484
7344
7334
3316
7354
7504
7603
7134
7354
14357
7234
7284
7083
7214
7163
7163
7363
7404
7263
7214
14577
7184
7574
7243
7524
7304
7054
7253
7223
7134
72706
52759
7234
7054
7273
7063
7063
7262
7173
7074
14857
7474
7074
7233
7324
7344
7724
7104
7544
7144
8957
9428
7895
7154
7242
7393
7334
7524
7664
10229
7154
7193
7284
7084
7094
7223
7484
7795
7163
7173
18433
7604
7314
7134
7294
8727
7194
7143
7183
14557
7114
7394
7034
7194
7494
7384
10089
7284
7404
14417
7263
7243
7444
7274
7093
7334
7124
7184
14708
7274
7203
7144
7234
7194
7524
7384
7234
14287
7193
7294
7404
7254
7274
7514
7284
7324
7163
14658
7174
7313
7224
7393
7243
7604
7574
7374
14336
7284
7092
7253
7584
7133
7374
7173
7244
7053
14447
7144
7234
7163
7073
7374
7183
7424
7134
7283
7394
7284
7574
7344
7133
7253
7223
7133
7324
14808
7253
7434
7274
7314
7715
7174
7214
7163
7133
8135
15580
7254
7424
3576
7334
7173
7414
7514
7384
7474
7534
14706
7414
7344
7444
7314
8475
7574
7213
7615
14918
7534
7254
7485
7153
7184
3827
8515
7744
7574
15008
7182
7114
7033
7394
7133
7545
7223
7183
14517
7134
7253
7133
7133
7434
7263
7384
7143
7363
14457
7244
7243
7094
7203
7304
7464
7143
7243
7354
14697
7304
7114
7274
7274
7223
7294
7034
7343
14507
7224
7534
7504
7434
7062
7353
7203
7313
7344
14998
7384
7253
7083
7144
7324
7134
7243
7254
7144
14787
7063
7204
7304
7154
7164
7204
7203
7193
14637
7454
7083
7143
7174
7254
7194
7313
7403
7464
14517
7174
7394
7504
7475
7254
7294
7344
7202
14347
7133
7284
7434
7214
7213
7173
7284
7244
7163
14477
7143
7324
7134
7193
7354
7264
7364
7504
7203
15018
7905
7204
7104
7273
7334
7133
7795
7133
7304
14357
7184
7363
7073
7154
7114
7123
7433
7253
7304
7263
14938
7133
7173
7895
7885
7103
7284
7252
7093
14497
7153
7274
6964
7254
7254
8005
7595
7464
15198
7314
7183
7194
7233
7354
7043
7554
7274
7153
15079
7043
7143
7684
7574
7444
7223
7173
7153
7214
14317
7082
7473
7104
7304
7364
7524
7264
7624
14477
7624
7184
3426
7323
15600
7253
7082
7184
7164
7323
7124
7033
7293
7564
14477
7133
7224
7133
7043
7184
7202
7213
7224
12324
14617
7123
7043
7162
7203
7484
7214
7172
14437
7244
7093
7093
7103
7313
8245
7113
8076
7063
7584
19597
7313
7303
7323
7113
7133
7123
7144
7244
14417
7555
6933
7414
7323
7334
7264
7264
7233
7193
14708
12383
7193
7073
7264
7273
7143
7104
7464
7354
14708
7374
7093
3336
8035
7775
7234
7404
7193
7364
7474
7384
7514
7233
7986
7184
7193
7263
7314
7243
14637
7474
7634
7274
7284
7605
7614
7424
70631
14257
7324
7103
7104
7053
7013
7134
7284
7123
14877
7133
7414
7184
7163
7113
7384
7764
7605
7043
14708
7514
7164
7294
7303
7273
7074
7314
7414
14577
7314
7344
7092
7134
7194
7093
7174
7324
14537
7344
7314
7153
7063
7063
7123
7314
7074
7624
7563
14658
7554
7174
7203
7394
7134
7174
7274
7183
7124
14216
7123
7093
7114
7084
7233
7213
7103
7274
7303
14588
7134
7144
7364
7203
7153
7544
7234
7574
14317
7093
7103
7324
6913
7443
8175
7614
7233
7524
14788
7484
7204
7164
7233
7464
7364
7182
7374
14738
7033
7063
7273
7263
7173
7064
7333
7012
14456
7073
7144
7163
7143
7334
7222
7815
7143
7394
14718
7083
7013
7124
7154
7314
7193
7203
7304
7194
19746
7083
7563
7263
7274
7213
7584
7194
7354
14527
7314
7244
7204
7384
7433
7254
7193
7324
7123
7484
7113
7494
7124
7374
7293
7374
7204
7223
7314
14838
7835
7134
7234
7324
7193
7374
7214
7554
7274
15188
7955
7874
3316
7353
7394
7274
7223
7223
7284
7434
7134
7092
6973
7203
7063
7194
7264
7324
7675
14567
7213
7223
7253
7124
7213
7064
8335
7393
14547
7093
8035
9968
7243
7474
7094
7394
7162
7354
15169
7424
7104
7233
6502
7354
7264
7064
7204
7064
14778
7053
7192
7143
7314
7163
7564
7204
7344
7384
14668
7173
7114
6933
7274
7303
7434
7052
7003
6943
7053
14517
6853
7033
7334
7123
7293
7112
7153
7314
14717
7123
7154
7183
7164
7304
7143
7073
7094
7093
14758
7424
6963
7334
7985
7324
7124
7234
7624
75582
7354
7154
7254
7313
7213
8887
7273
7184
14427
7564
7263
7524
7594
7484
7574
10901
7434
7254
14628
7214
7334
7033
7514
7934
7354
7374
7134
14528
7213
7264
7063
7074
7074
7104
7545
7234
8566
7564
7304
7104
7173
7324
7254
7063
7344
7093
7123
14598
7133
12563
7263
7174
7144
7383
7133
7152
7364
14347
7555
7264
7114
7113
7384
7103
7194
7284
7133
7203
14307
7324
7504
7193
7104
7374
7314
7143
7214
7133
14406
7232
7153
7113
7224
7264
7294
7684
7854
7163
14648
7264
6964
7093
7043
7364
6903
7063
7284
14457
7173
7174
7354
7244
6993
7214
7263
7393
7253
14648
7093
7033
7063
7173
7093
7082
7173
7374
14527
7173
7273
7244
7695
7174
7023
7324
7294
7183
14607
7134
7094
7213
7294
7344
7043
7293
7103
14397
14287
7164
7154
7313
7144
7224
7334
7213
7274
7204
7374
14768
7284
7124
7204
7103
7554
7344
7154
7504
17964
7504
7694
7153
7454
7464
7203
8316
7615
7123
14417
7033
7724
7464
7254
7224
7363
7083
7394
7784
15088
7213
7444
7193
7254
10670
3647
7775
7264
7263
15008
14878
7694
7184
7244
7284
7234
7183
7114
7234
7183
14817
7072
7063
7082
7153
7203
7182
7484
7193
7073
14989
7243
7034
7133
7124
8476
7334
7184
7494
7584
14628
7114
7294
7254
7193
7103
7434
7194
7064
7223
14498
7224
7023
7174
7525
7154
7073
7103
7214
14547
7093
7344
7204
8355
7364
7745
9407
7133
7113
7202
14738
7444
7374
7204
7223
7384
7434
7374
9908
7373
14717
14707
7324
7184
7244
7364
8426
7273
7003
7103
14547
7023
6973
7123
7324
7033
7414
7695
7243
10039
7575
14918
7354
7163
7694
7003
7123
7174
7104
14638
7134
7545
7504
7684
8015
7304
7214
15188
7263
7214
7505
7183
7033
6983
7164
7164
7254
7463
7053
7113
7334
7184
7083
7374
487775
18435
7103
7184
7183
7654
7163
7383
7274
7183
14658
7384
7854
7153
3336
7614
7254
7585
7754
8736
7524
14728
14718
7233
7143
7214
7113
7173
7194
7334
7515
7063
14447
7253
7374
9939
7304
7224
7144
7103
7123
6933
7123
7073
7274
7073
7725
7314
7084
9007
7073
14558
7244
6993
7224
9478
7244
7134
6953
7354
7244
14538
7715
8555
7465
7303
7214
7244
7384
3276
7594
7474
14668
7323
7183
7144
7283
7224
7393
7323
7234
7514
14758
7464
7854
7394
7343
7083
7034
7404
7304
7162
14487
7344
7013
7073
804127
11361
7024
7073
7383
7083
7133
7074
7034
6962
7514
14588
7233
7133
7414
6993
7324
7615
7323
7434
7595
7364
7453
7364
7464
7033
7193
12143
7094
7254
7194
7394
14818
7002
7144
7263
7254
7214
7153
7302
7333
7514
7414
14437
7434
7133
7083
7434
7204
7684
7334
7735
14677
14487
7654
7363
7534
8035
7434
7675
7555
14477
7134
7174
7043
7233
7124
7073
7554
7313
14467
7282
7765
7354
7414
7474
7503
7134
10640
7154
14847
7604
9639
7323
7514
7082
7184
7314
7223
14408
7144
7063
7254
7324
7073
7143
7153
7664
7112
14698
7193
7274
7524
7313
7174
7183
7153
14367
7183
14266
7745
7353
7143
7134
7835
7353
7414
7274
14768
7244
7313
7204
7232
7103
7484
7525
7202
14447
6452
8055
7915
7835
7304
7564
7334
14718
14728
7063
7204
7264
7184
7104
7254
7113
7835
14687
12944
7304
7645
7274
7374
7153
7464
7384
14767
7204
7284
7684
7304
7855
7564
7404
7324
7344
15069
7524
7494
7273
7284
7454
7223
7134
7704
7444
14347
9739
15368
7064
7204
6873
7084
7534
7514
6972
7123
14637
9669
6934
12273
7083
7024
7294
7284
7033
14697
7164
7083
7124
3857
7273
7384
7063
7094
7254
14387
7264
7053
7103
6983
7023
7214
7214
7324
6883
14207
7054
7304
7154
7064
7023
7073
8035
7183
7294
14426
6883
7363
7084
7363
7173
7203
7434
7014
6893
14488
7203
7204
3366
7174
9638
7274
7304
7485
7244
14848
6893
6893
7084
6993
7354
8977
10209
7374
13576
14698
7013
6983
7033
7174
7354
7033
7413
7234
14468
7565
7143
7053
7304
7193
7062
7153
7114
14607
7404
7063
7324
7354
6994
7655
7123
7133
14728
7244
7004
7174
6953
7484
7705
7114
7163
14427
7103
7164
6963
7213
6984
6913
7193
7013
7274
14487
6973
7022
6953
6943
7164
7294
7193
7324
14959
7334
7304
7304
7294
7224
7544
7255
7043
7303
7334
7103
7184
7053
7173
7163
7194
7133
7523
7183
6992
7113
7703
7494
7514
7134
7073
7103
7043
20168
7434
7084
7023
6953
7003
7213
7134
7083
7694
14727
7324
729638
7614
7304
7304
7304
7053
7134
7154
7264
7094
16821
7324
7084
7244
7153
7224
7174
7594
10319
14728
7294
6973
7103
7124
7495
7354
7173
7113
14698
7614
7264
7534
7083
7284
7164
7604
7484
14337
13644
7234
7153
6963
7012
7114
7364
7173
7044
14467
7203
7184
7033
7164
7104
7024
7004
7014
7213
7183
14908
7043
7174
7164
7734
6992
7003
7304
7262
14547
7274
7484
7174
7164
7104
7314
7194
7304
7144
15008
13316
7184
7104
7213
9428
7704
3366
7444
7294
14577
13675
7124
7223
7434
7955
7484
7203
7334
14587
7183
7655
7043
7765
7233
7404
7354
7133
7094
14346
7194
7203
7104
7103
7665
7414
7153
7064
